60	2083	375	39	66	90	38	38	56	0	106	103	116	1	67	67	100	0	0	0.265
104	3020	387	60	88	94	36	54	42	38	96	112	108	1	88	87	100	0	10	0.95283
54	3112	425	54	48	95	52	34	44	39	104	110	110	0	48	48	100	0	0	0.9
49	3131	466	49	35	93	30	28	0	0	101	119	103	0	35	35	100	0	0	0.66667
108	2766	407	50	96	85	29	46	44	33	101	109	111	4	96	96	97	2	0	0.84545
74	3448	459	62	63	96	45	35	40	41	101	115	107	1	63	63	100	0	0	0.84211
54	2282	418	36	44	77	41	54	49	45	101	96	118	1	45	45	100	0	0	0.70175
58	2511	402	49	52	90	33	42	47	45	101	102	113	0	53	53	100	0	0	0.93878
37	2338	402	39	36	71	37	39	45	42	102	115	106	1	36	36	92	3	0	0.84783
46	2883	420	58	46	87	30	49	51	45	102	121	99	0	48	48	100	0	0	1
31	3410	419	68	36	97	38	46	47	44	100	123	106	1	36	36	100	0	0	0.87179
40	2750	437	56	34	97	18	59	42	45	102	100	117	1	34	34	97	0	0	0.95238
33	3126	417	62	34	90	27	38	0	0	103	115	104	0	34	34	100	0	0	0.88235
98	2664	383	56	96	95	44	46	48	48	106	108	114	3	96	95	99	2	10	0.92596
85	2515	380	51	84	93	41	45	55	47	104	111	111	3	84	83	99	4	10	1
39	2739	454	47	30	92	35	40	0	0	101	117	103	0	30	30	100	0	0	0.80435
35	2569	397	50	27	100	36	40	42	35	103	113	107	5	27	27	96	0	0	0.71053
40	2068	422	33	34	100	50	20	40	38	104	110	112	0	34	34	97	0	0	0.89189
31	2142	408	38	34	100	39	56	0	38	103	104	109	1	34	34	100	0	0	1.0667
79	2990	367	62	77	92	31	52	65	42	104	108	111	3	78	78	100	0	0	1
92	2247	396	42	93	95	26	55	38	40	105	109	110	8	93	93	100	0	0	0.95349
32	3680	450	63	29	92	44	44	35	37	98	124	98	3	29	29	100	0	0	1.0323
46	2286	426	38	39	97	33	44	41	35	104	108	109	0	39	39	95	0	0	0.89744
64	2575	378	49	50	98	46	43	0	0	102	111	108	1	50	50	100	0	0	0.94286
42	2470	388	49	39	86	31	46	54	50	105	104	110	0	39	39	100	5	0	0.86047
46	2803	453	48	41	88	40	45	47	43	102	104	113	1	41	41	100	0	0	0.7
78	2522	367	51	75	94	67	15	44	35	105	104	110	0	76	76	100	0	0	0.95062
87	2406	442	41	86	89	35	41	39	35	102	105	113	0	86	86	100	1	0	0.72
47	2455	378	45	48	90	24	55	40	0	102	107	110	1	50	50	100	0	0	1
32	2502	399	43	26	100	36	36	36	37	102	114	107	2	26	26	100	0	0	0.96774
85	2955	384	55	84	100	33	28	44	45	103	104	108	3	84	84	100	0	0	0.81928
81	2537	413	49	83	97	32	40	41	42	104	107	113	0	84	84	98	1	0	0.92958
59	2559	402	46	52	95	51	30	46	43	103	113	105	4	52	52	98	0	0	0.85484
46	2343	424	40	42	100	31	59	39	36	105	106	110	3	42	42	98	2	0	1.0222
58	2973	515	46	43	91	42	29	44	42	101	116	104	3	43	43	100	0	0	0.70175
80	3502	465	59	68	100	38	17	44	44	102	114	103	0	68	68	100	0	0	0.72857
82	2897	439	53	68	90	30	43	43	48	104	110	108	3	70	70	99	0	0	0.8375
86	3354	453	58	66	85	22	24	44	45	98	106	111	4	66	66	100	0	0	0.66234
85	2632	388	53	86	96	37	35	47	45	103	107	110	6	87	87	100	0	0	0.7625
60	3192	434	60	46	83	31	54	44	40	103	110	114	2	46	46	98	2	0	0.57705
57	2814	551	41	43	83	43	49	47	41	100	111	108	2	43	42	100	0	20	0.70909
62	3647	438	70	58	89	31	33	49	45	98	115	106	0	59	59	100	0	0	0.8
45	2864	423	47	37	94	46	29	0	42	102	110	112	1	37	37	100	0	0	1.0244
56	1914	421	28	58	95	14	38	41	37	100	113	103	4	58	58	100	0	0	0.68333
60	2002	420	32	54	74	32	59	60	53	104	107	115	9	54	54	100	0	0	0.92424
42	2026	364	39	46	76	39	49	45	38	101	106	113	3	46	46	100	7	0	0.95122
40	3011	386	62	38	91	30	37	46	45	103	108	110	3	38	38	100	0	0	0.81081
30	2745	453	46	23	95	29	44	43	47	103	106	108	0	23	23	83	0	0	0.87097
62	2163	420	34	52	93	33	28	68	48	105	112	107	0	52	51	100	0	20	0.46765
37	2671	403	51	40	82	39	41	41	36	103	115	104	2	40	40	100	0	0	0.97143
57	3544	428	62	50	98	61	23	45	43	101	125	98	2	51	51	100	0	0	0.89655
55	2699	369	54	62	85	37	43	44	42	102	105	108	1	62	62	100	0	0	0.76923
57	2499	369	51	60	96	39	48	40	40	104	117	106	1	60	60	98	0	0	1.0172
34	2864	399	57	35	97	50	34	41	37	101	97	113	1	35	35	100	0	0	0.8
44	2993	531	46	34	100	26	36	39	0	102	116	104	0	34	34	100	0	0	0.63265
44	2766	487	41	32	95	44	35	40	34	102	106	112	5	32	32	100	0	0	0.6875
47	2839	422	47	41	89	35	42	41	38	101	114	104	0	41	41	98	0	0	1.08
80	2967	424	54	66	75	44	42	49	36	101	103	114	8	67	67	100	0	0	0.90789
47	2740	446	39	32	96	42	33	49	46	103	110	111	4	32	32	100	0	0	0.94737
41	2341	401	44	37	100	39	41	43	0	102	114	105	1	37	37	100	0	0	0.825
56	2171	394	42	54	95	27	52	40	0	103	111	109	1	54	52	96	0	40	0.54828
79	2952	541	39	26	57	46	48	44	0	101	114	106	2	26	26	100	0	0	0.6125
56	2859	404	52	53	94	38	48	45	42	102	104	108	2	54	53	100	2	20	0.86441
36	2919	473	48	30	93	40	33	0	0	98	113	108	0	30	30	100	0	0	0.8
66	2242	386	42	69	92	61	16	47	44	103	107	112	1	69	69	96	0	0	1
31	1872	405	34	25	90	31	42	0	44	101	106	108	1	26	26	96	8	0	1.0333
42	3134	409	58	40	82	30	35	45	45	102	106	109	0	40	40	100	0	0	0.79487
30	2830	391	57	28	96	18	64	0	0	103	121	99	0	28	26	93	0	0	0.9375
38	1944	373	34	35	86	25	55	40	38	102	97	115	2	36	36	97	0	0	0.92105
47	3025	494	51	32	97	48	35	43	45	102	109	105	3	32	32	100	0	0	0.7551
39	2531	496	29	24	100	36	47	38	40	102	112	106	1	24	24	100	0	0	0.7027
45	2672	409	52	43	97	38	44	55	46	103	109	107	2	44	44	100	0	0	1.0238
31	3021	445	53	27	100	35	32	35	0	100	113	107	1	27	27	100	0	0	0.87097
58	2420	387	47	60	94	25	48	43	39	102	113	108	0	60	60	100	0	0	0.90323
50	2752	418	53	45	93	32	39	45	42	101	112	106	1	45	45	100	0	0	0.61754
103	2675	433	41	99	99	25	59	37	37	100	103	110	10	101	101	100	0	0	0.75676
63	2754	375	55	57	80	33	46	44	38	103	104	107	0	59	59	97	0	0	0.9661
34	2993	399	59	30	93	37	42	0	0	103	108	108	0	30	30	97	0	0	0.83784
45	2485	388	49	47	100	63	24	41	40	102	108	112	1	48	47	100	6	20	1.0435
31	2558	527	35	19	100	34	37	40	39	100	125	97	0	19	21	100	0	0	0.76667
34	1913	401	33	40	90	25	60	42	42	104	109	108	1	41	41	100	0	0	1.0833
46	2849	412	52	44	72	31	42	35	50	103	98	118	3	44	44	98	0	0	0.97674
86	2335	367	47	90	91	56	33	54	45	103	112	107	4	91	91	97	0	0	1.0952
55	3249	427	56	43	95	44	38	38	33	101	107	109	1	43	43	100	0	0	0.84
36	3154	391	59	31	84	52	41	37	0	98	117	103	2	31	31	100	0	0	0.95
34	2593	409	47	29	88	36	45	47	47	104	107	109	3	29	29	100	0	0	0.88235
46	3578	484	62	39	95	31	33	42	41	99	106	107	0	39	39	100	0	0	0.65306
41	2824	526	49	29	76	50	36	0	50	102	119	102	1	29	29	100	0	0	0.68182
42	3614	452	61	32	96	29	47	50	38	100	112	103	0	32	32	100	0	0	0.64444
68	3015	380	57	75	97	37	48	44	42	99	111	108	3	75	75	100	0	0	1.0154
55	2587	424	41	43	90	58	32	45	43	101	103	111	3	43	42	100	0	20	0.72593
61	1899	520	20	35	93	34	25	42	0	100	110	101	2	36	36	100	0	0	0.66038
38	2099	432	33	35	96	0	0	36	36	99	0	0	0	35	35	100	0	0	0.72222
43	2652	402	53	41	97	24	43	55	0	101	113	107	0	42	42	95	0	0	0.88372
37	2893	395	54	35	97	45	25	41	43	102	113	104	1	35	35	100	0	0	0.85294
48	2831	436	45	43	79	28	30	44	38	99	116	102	0	45	45	100	0	0	0.95745
62	2851	522	38	44	86	19	38	0	45	99	114	105	1	44	44	100	0	0	0.54412
39	3564	557	55	27	100	21	51	40	39	98	108	111	0	27	27	100	0	0	0.65116
45	2381	422	32	40	97	37	41	43	41	99	113	102	3	40	40	100	0	0	0.90698
36	2551	431	44	35	96	27	39	42	37	105	106	108	0	36	33	94	0	80	1.0789
62	2188	521	28	50	91	25	47	0	0	104	110	107	0	50	50	94	0	0	0.78689
35	3252	436	57	30	100	31	36	0	0	99	106	112	0	30	28	100	0	70	1.0286
64	3291	421	66	58	96	42	34	43	42	104	106	112	5	58	58	100	0	0	0.71429
33	3065	430	61	28	100	29	49	0	0	100	110	110	0	28	28	100	0	0	1.0333
96	2228	376	45	100	95	46	39	40	45	103	106	109	8	101	100	98	0	10	1.0833
43	2329	383	47	46	98	33	43	50	45	103	112	107	0	46	46	100	0	0	0.91304
73	2760	397	56	72	92	39	42	42	41	101	108	111	13	72	72	99	0	0	1.0141
64	2801	399	54	62	67	30	48	44	45	102	113	107	9	62	62	100	0	0	0.78125
62	2136	457	37	55	95	28	58	37	43	105	111	112	5	55	55	96	0	0	0.70313
48	2525	386	51	45	79	27	48	44	0	102	111	105	1	47	47	98	0	0	0.96
47	2485	395	47	41	89	40	38	49	40	107	117	109	0	41	41	95	0	0	0.9375
47	2606	358	55	49	92	33	49	0	0	102	106	110	0	49	49	100	0	0	0.95455
75	2475	410	44	67	90	35	41	46	40	102	112	106	4	67	67	100	0	0	0.8481
93	2712	446	46	81	96	31	43	43	48	102	103	113	4	81	81	99	0	0	0.86667
69	2388	437	42	59	86	36	53	40	38	105	109	107	6	59	59	98	0	0	0.82609
96	2808	412	51	77	100	44	35	47	46	99	102	109	0	77	77	100	0	0	0.94565
81	2083	385	41	78	85	38	47	37	40	107	105	111	5	79	79	96	1	0	0.92308
143	2490	382	49	146	93	53	32	43	38	103	107	111	7	146	146	99	1	0	0.828
151	2305	374	45	148	66	38	45	52	38	105	112	107	14	151	151	96	0	0	0.95302
41	2571	459	48	33	78	41	37	32	38	104	105	110	2	33	33	100	0	0	0.78049
36	2773	471	49	29	100	33	53	47	46	104	105	111	0	29	28	100	0	30	0.57143
69	2360	409	40	58	96	37	39	44	41	104	109	106	7	58	58	100	0	0	0.62857
51	2537	438	45	36	94	44	35	50	41	103	109	107	4	36	36	97	0	0	0.7037
41	1975	366	38	41	82	42	49	51	50	105	111	111	2	41	41	100	0	0	1.0513
41	2449	411	38	35	89	35	47	37	38	101	113	109	1	35	35	100	0	0	0.61905
108	2353	411	41	96	90	43	30	43	42	104	113	104	7	100	100	100	0	0	0.85965
153	2062	394	37	153	94	54	33	46	44	105	107	114	1	153	153	95	1	0	0.98758
67	2302	389	39	67	92	36	37	41	39	102	103	107	10	68	68	94	0	0	0.91176
40	2647	369	50	36	94	44	40	40	37	99	103	117	2	36	36	94	0	0	0.91429
94	2874	442	49	78	97	38	49	43	39	101	110	106	5	78	78	100	0	0	0.83146
67	2465	387	48	65	93	66	24	52	0	106	104	111	0	67	67	100	6	0	1.0435
98	3031	417	58	93	99	64	26	42	43	100	111	106	5	93	92	100	0	10	0.84
76	2789	464	48	62	94	39	45	46	0	103	113	105	1	62	62	97	0	0	0.78205
32	2101	388	37	31	80	28	54	48	45	102	110	108	0	31	31	100	0	0	1
150	2468	376	48	151	93	57	24	44	42	103	108	112	0	156	156	99	0	0	0.96429
37	2372	378	48	36	97	44	47	45	39	107	107	111	1	36	36	100	0	0	1.0541
31	2143	442	35	29	100	38	23	42	36	102	117	103	0	29	29	100	3	0	0.9375
153	2556	433	49	140	96	26	58	45	43	104	111	108	3	140	140	98	0	0	0.91333
68	2812	432	49	56	80	38	46	50	0	102	115	106	1	56	56	96	0	0	0.94366
95	2190	427	39	86	73	53	24	51	0	106	113	108	0	86	84	100	0	20	0.63437
68	2611	396	50	66	95	49	36	43	40	105	106	109	2	66	66	100	0	0	0.89041
55	2143	418	38	52	95	43	40	48	48	107	106	110	7	52	51	100	0	20	0.81967
30	2772	400	54	26	95	66	17	38	0	102	114	108	0	26	27	100	0	0	0.86667
36	2566	429	48	31	100	32	50	41	36	105	106	112	0	31	31	97	0	0	0.96875
66	2660	435	49	61	84	32	45	50	0	104	110	111	1	61	61	97	0	0	0.87692
44	2210	413	38	37	97	41	41	0	0	105	117	113	0	37	36	97	0	30	0.95455
36	2268	386	39	32	87	47	39	48	42	102	95	111	0	33	33	100	0	0	0.94118
171	2299	362	46	175	92	27	56	46	43	104	102	114	0	175	175	100	0	0	1.0417
44	2091	387	37	42	94	32	49	40	37	101	108	110	7	42	42	100	0	0	0.82222
34	2935	378	64	36	100	42	50	50	42	103	106	110	0	36	36	97	0	0	1.0909
84	2471	361	52	85	85	42	49	48	46	106	105	113	6	85	85	99	0	0	1.0122
75	2219	446	36	67	94	47	34	45	39	105	109	109	0	69	69	100	0	0	0.85
66	2585	418	47	56	90	38	41	47	0	104	103	113	2	56	56	98	0	0	0.81159
55	2608	393	49	62	100	60	23	37	34	104	107	112	2	62	62	98	0	0	0.74483
238	2138	395	39	234	91	69	21	49	41	104	112	106	0	234	234	99	0	0	1.0127
104	2077	403	37	107	97	58	32	51	47	103	111	109	5	107	107	100	0	0	0.99099
39	2404	412	46	44	97	24	59	43	41	101	107	108	1	44	44	100	0	0	0.94737
66	2454	482	40	52	91	40	31	40	53	105	106	111	2	53	53	100	0	0	0.81429
49	3125	395	60	44	90	48	40	41	40	101	111	104	1	44	44	100	0	0	1.04
34	3008	450	53	33	90	19	65	38	0	102	105	110	3	33	33	94	0	0	0.84848
33	2997	451	46	21	95	35	21	48	0	101	103	113	0	30	30	100	0	0	0.54286
78	2684	426	49	66	92	35	31	44	36	104	111	109	4	67	67	100	0	0	0.82143
69	2786	467	45	52	100	32	30	39	40	101	115	108	1	54	53	100	0	20	0.77143
52	2049	377	41	55	88	35	54	44	50	106	113	108	3	56	56	100	0	0	1.1373
46	2704	449	44	36	97	47	39	0	0	95	106	116	0	37	37	100	0	0	0.88889
53	1655	374	28	56	93	56	26	47	45	105	116	105	2	56	56	96	0	0	0.96078
43	1977	418	31	40	90	28	54	48	48	106	111	109	3	41	41	100	0	0	0.85366
147	1634	360	29	182	94	43	41	47	42	105	117	104	15	182	182	100	0	0	1.2416
46	3527	567	50	37	100	33	43	49	44	101	112	102	3	37	37	100	0	0	0.64
48	2875	446	51	41	94	29	45	52	0	101	109	109	1	41	41	100	0	0	0.86
54	2521	416	47	52	100	25	61	47	44	102	110	109	5	52	52	100	0	0	0.85
75	2488	402	50	73	98	30	57	47	32	104	113	108	5	77	77	100	0	0	1.1039
68	1990	360	38	72	95	34	57	42	38	107	111	110	0	72	71	100	0	10	1.0933
35	2148	398	36	36	83	51	27	0	0	101	115	103	0	36	36	100	0	0	0.76316
50	2389	415	47	42	100	34	38	45	36	106	105	109	0	42	42	100	0	0	0.85
36	2941	448	54	30	100	28	59	42	38	102	113	111	0	31	30	100	0	30	0.88571
58	2146	405	37	53	93	26	60	47	0	105	110	108	5	54	54	100	0	0	0.91935
45	2482	371	50	47	92	59	29	0	40	105	109	108	0	47	46	93	2	20	0.83721
41	2568	463	40	31	85	41	32	41	43	103	110	109	1	32	32	100	0	0	0.825
48	2511	417	46	38	89	42	33	46	42	101	100	115	3	38	38	100	0	0	0.95833
43	2827	408	51	37	90	23	53	51	43	103	101	115	2	37	37	97	5	0	0.94444
34	3046	442	59	28	88	24	45	55	0	103	114	104	1	28	28	100	0	0	0.72727
31	2408	413	43	28	73	49	32	52	43	104	113	110	0	28	28	100	0	0	0.82857
52	1883	354	36	60	96	37	48	49	42	107	93	117	0	61	61	100	0	0	1
53	1865	394	25	51	100	38	44	47	42	104	109	111	1	51	51	100	0	0	1
37	2304	454	36	31	92	17	69	52	46	104	98	119	4	32	32	100	0	0	0.90909
35	2438	460	36	19	71	44	39	39	41	104	115	109	1	20	20	100	0	0	0.70588
30	2354	491	37	30	95	29	44	40	43	101	99	115	0	31	34	100	0	0	1
97	2963	409	52	87	93	35	35	41	40	103	113	107	2	87	87	100	0	0	0.89691
45	2978	445	52	47	88	30	34	44	40	102	110	110	2	48	48	96	0	0	0.5
52	2496	372	45	50	90	40	47	44	39	101	111	109	5	52	51	100	0	20	0.87755
54	3049	405	56	54	92	13	52	49	44	100	124	105	1	54	54	98	4	0	0.85455
43	2000	374	35	46	82	43	35	50	0	105	113	107	2	46	46	100	0	0	1.0408
82	2602	433	39	73	95	35	48	49	41	102	107	111	7	73	72	100	0	10	0.77419
56	2921	406	54	48	95	38	43	51	0	99	109	108	1	50	50	100	0	0	0.80702
37	2372	410	39	32	100	33	47	41	36	101	115	103	2	32	32	100	0	0	0.87179
47	3007	418	58	43	89	25	52	48	42	102	106	112	1	45	45	100	0	0	0.83636
65	1830	440	28	68	94	34	42	0	48	102	109	109	0	70	70	91	0	0	0.7619
39	2620	453	46	30	81	40	40	54	40	101	109	109	3	32	32	97	3	0	0.94737
147	2151	389	40	152	89	64	12	43	42	108	108	111	0	154	154	99	9	0	0.87429
59	2788	430	46	54	100	25	32	0	0	100	110	109	0	54	54	100	0	0	1.0208
78	3176	597	41	45	97	27	32	46	45	99	113	106	3	45	45	100	0	0	0.55556
43	2533	407	48	44	85	36	30	49	47	105	115	104	0	44	44	98	0	0	0.97619
65	3031	521	46	48	95	25	38	44	44	102	100	109	5	48	48	100	0	0	0.5
31	2794	384	56	25	100	31	43	43	40	103	108	109	0	25	24	100	0	0	0.7
49	2226	404	43	42	91	57	40	55	0	100	111	106	2	42	42	98	2	0	0.875
58	3301	405	63	58	100	37	40	44	0	99	106	107	1	59	59	100	0	0	0.86885
86	2332	388	45	83	87	47	38	50	46	103	101	114	1	83	83	100	0	0	0.86747
58	2212	444	38	47	82	40	32	48	40	103	82	123	10	48	48	100	0	0	0.62963
47	3181	398	59	47	93	37	42	53	45	100	103	112	0	48	48	100	0	0	0.97872
47	1940	395	32	48	90	23	61	45	0	102	113	105	0	48	47	96	0	20	0.89474
33	2517	378	48	31	96	54	28	48	40	106	106	112	1	31	31	100	0	0	0.66111
64	2766	509	44	58	96	24	62	43	38	104	107	110	6	58	58	100	0	0	0.73333
102	2272	399	42	100	99	38	45	41	42	102	109	110	7	100	100	100	0	0	0.91262
89	2481	500	30	66	98	21	44	42	42	104	114	107	9	66	65	100	2	20	0.49425
149	2128	379	42	148	85	48	31	45	46	105	112	108	2	148	148	99	0	0	0.93878
58	2363	452	42	60	90	28	62	43	45	104	112	107	10	60	60	97	0	0	0.67742
69	2351	376	42	61	94	54	37	44	41	102	110	108	2	61	61	97	0	0	0.92405
81	2745	372	53	80	91	42	40	43	40	102	114	106	5	82	82	100	0	0	0.89744
88	2559	420	42	77	97	35	47	45	42	99	109	110	5	77	77	100	0	0	0.84043
45	2272	448	37	45	94	26	37	45	45	100	114	105	4	45	45	100	0	0	0.79545
52	2416	387	46	50	97	43	36	44	43	101	110	112	2	50	50	100	0	0	0.98214
95	2571	418	49	88	97	30	51	46	46	102	110	106	0	88	88	100	0	0	0.84466
48	2339	435	39	43	92	28	51	48	0	102	104	109	3	43	43	98	0	0	0.83019
116	2650	421	44	108	89	30	45	51	43	100	118	103	9	108	108	100	0	0	0.90244
109	3187	413	60	100	93	43	46	46	43	101	99	114	5	102	102	99	0	0	0.91892
74	2471	389	49	75	89	29	53	44	41	103	113	110	0	77	77	100	0	0	0.95833
35	2274	497	35	21	100	34	49	51	37	101	111	107	0	22	22	100	0	0	0.78947
44	2965	362	62	41	92	37	35	46	33	103	107	109	4	41	41	88	7	0	0.57436
126	2546	360	51	133	80	41	43	42	33	101	110	108	9	133	133	96	0	0	0.96
31	3089	455	49	28	65	29	44	37	42	97	103	112	3	29	29	90	7	0	0.43636
36	3088	418	50	30	89	21	42	40	40	104	110	108	0	30	30	100	0	0	0.77143
70	2742	447	47	59	90	25	39	43	41	103	102	112	2	59	59	93	2	0	0.63784
44	3030	465	49	24	91	62	15	49	0	103	112	107	1	25	25	100	4	0	0.41667
36	2054	417	37	35	89	24	45	45	40	101	109	109	7	35	35	97	6	0	0.77778
35	2849	405	58	30	85	26	55	38	39	101	104	113	4	30	30	100	3	0	0.90909
61	3552	449	65	51	98	28	40	42	40	100	112	104	2	51	51	100	0	0	0.63636
42	2716	803	35	26	100	0	0	0	0	103	0	0	0	26	26	100	0	0	0.57692
36	2579	383	54	41	82	19	62	45	40	104	108	108	5	42	42	93	0	0	1.0513
101	2892	405	56	96	89	34	53	46	33	102	104	115	3	97	96	96	0	10	0.9633
146	2419	373	47	152	92	38	43	44	39	104	106	109	1	152	152	98	1	0	1.0815
110	2495	382	49	105	70	36	50	47	30	100	111	105	1	106	106	99	0	0	0.8
56	2378	399	46	60	80	24	55	67	45	107	112	108	1	60	59	100	10	20	0.90164
40	2726	492	40	32	92	28	43	39	32	101	120	105	1	32	31	97	6	30	0.7619
71	2681	550	30	51	95	45	27	0	0	99	118	107	0	51	51	100	0	0	0.77922
121	2220	379	43	114	93	58	21	49	47	109	106	111	1	114	113	99	3	10	0.89431
35	3064	383	63	38	97	35	46	42	40	104	109	110	0	38	38	100	3	0	0.94444
