0.74 686.0 245.0 220.5 3.5 2.0 0.1 2.0 10.42 
0.62 808.5 367.5 220.5 3.5 4.0 0.0 0.0 8.45 
0.64 784.0 343.0 220.5 3.5 3.0 0.1 5.0 15.37 
0.79 637.0 343.0 147.0 7.0 2.0 0.25 4.0 40.0 
0.82 612.5 318.5 147.0 7.0 4.0 0.1 4.0 23.59 
0.62 808.5 367.5 220.5 3.5 4.0 0.25 1.0 15.08 
0.64 784.0 343.0 220.5 3.5 3.0 0.0 0.0 10.54 
0.74 686.0 245.0 220.5 3.5 4.0 0.1 1.0 10.36 
0.74 686.0 245.0 220.5 3.5 3.0 0.25 1.0 12.5 
0.9 563.5 318.5 122.5 7.0 3.0 0.25 2.0 33.27 
0.86 588.0 294.0 147.0 7.0 3.0 0.1 1.0 26.91 
0.76 661.5 416.5 122.5 7.0 4.0 0.4 4.0 40.6 
0.66 759.5 318.5 220.5 3.5 4.0 0.0 0.0 7.1 
0.86 588.0 294.0 147.0 7.0 3.0 0.4 5.0 31.81 
0.86 588.0 294.0 147.0 7.0 5.0 0.4 1.0 31.29 
0.79 637.0 343.0 147.0 7.0 5.0 0.25 1.0 39.04 
0.9 563.5 318.5 122.5 7.0 4.0 0.1 2.0 28.83 
0.98 514.5 294.0 110.25 7.0 5.0 0.4 2.0 32.72 
0.9 563.5 318.5 122.5 7.0 4.0 0.25 2.0 32.33 
0.62 808.5 367.5 220.5 3.5 2.0 0.1 3.0 12.68 
0.62 808.5 367.5 220.5 3.5 4.0 0.4 4.0 16.94 
0.86 588.0 294.0 147.0 7.0 4.0 0.1 1.0 26.37 
0.9 563.5 318.5 122.5 7.0 4.0 0.1 3.0 29.62 
0.74 686.0 245.0 220.5 3.5 2.0 0.4 4.0 14.37 
0.66 759.5 318.5 220.5 3.5 2.0 0.4 5.0 14.96 
0.98 514.5 294.0 110.25 7.0 5.0 0.4 4.0 32.74 
0.82 612.5 318.5 147.0 7.0 5.0 0.4 2.0 28.01 
0.76 661.5 416.5 122.5 7.0 3.0 0.4 1.0 39.97 
0.98 514.5 294.0 110.25 7.0 5.0 0.1 2.0 24.25 
0.69 735.0 294.0 220.5 3.5 5.0 0.0 0.0 6.81 
0.64 784.0 343.0 220.5 3.5 4.0 0.25 4.0 16.56 
0.82 612.5 318.5 147.0 7.0 4.0 0.4 5.0 29.06 
0.79 637.0 343.0 147.0 7.0 2.0 0.25 3.0 39.04 
0.62 808.5 367.5 220.5 3.5 2.0 0.25 3.0 13.91 
0.62 808.5 367.5 220.5 3.5 5.0 0.1 4.0 13.0 
0.9 563.5 318.5 122.5 7.0 3.0 0.4 4.0 35.73 
0.71 710.5 269.5 220.5 3.5 3.0 0.4 5.0 12.63 
0.62 808.5 367.5 220.5 3.5 4.0 0.1 3.0 12.71 
0.69 735.0 294.0 220.5 3.5 5.0 0.25 2.0 12.95 
0.82 612.5 318.5 147.0 7.0 2.0 0.25 4.0 25.66 
0.9 563.5 318.5 122.5 7.0 3.0 0.1 4.0 28.05 
0.66 759.5 318.5 220.5 3.5 3.0 0.1 5.0 11.34 
0.66 759.5 318.5 220.5 3.5 3.0 0.1 3.0 11.6 
0.76 661.5 416.5 122.5 7.0 2.0 0.0 0.0 24.77 
0.9 563.5 318.5 122.5 7.0 2.0 0.1 2.0 28.88 
0.98 514.5 294.0 110.25 7.0 2.0 0.25 1.0 28.15 
0.82 612.5 318.5 147.0 7.0 5.0 0.4 3.0 28.91 
0.79 637.0 343.0 147.0 7.0 4.0 0.1 3.0 36.97 
0.74 686.0 245.0 220.5 3.5 2.0 0.4 3.0 13.97 
0.62 808.5 367.5 220.5 3.5 4.0 0.1 4.0 13.0 
0.74 686.0 245.0 220.5 3.5 5.0 0.25 5.0 12.02 
0.79 637.0 343.0 147.0 7.0 4.0 0.4 2.0 42.74 
0.74 686.0 245.0 220.5 3.5 5.0 0.1 4.0 10.14 
0.69 735.0 294.0 220.5 3.5 3.0 0.1 1.0 11.13 
0.86 588.0 294.0 147.0 7.0 4.0 0.4 3.0 32.05 
0.62 808.5 367.5 220.5 3.5 5.0 0.25 3.0 13.99 
0.69 735.0 294.0 220.5 3.5 4.0 0.1 2.0 11.32 
0.69 735.0 294.0 220.5 3.5 2.0 0.1 3.0 11.22 
0.98 514.5 294.0 110.25 7.0 3.0 0.1 2.0 24.31 
0.74 686.0 245.0 220.5 3.5 3.0 0.4 5.0 14.19 
0.62 808.5 367.5 220.5 3.5 2.0 0.1 2.0 12.88 
0.62 808.5 367.5 220.5 3.5 5.0 0.0 0.0 8.5 
0.64 784.0 343.0 220.5 3.5 2.0 0.25 1.0 17.5 
0.71 710.5 269.5 220.5 3.5 2.0 0.1 2.0 10.64 
0.86 588.0 294.0 147.0 7.0 4.0 0.0 0.0 19.34 
0.9 563.5 318.5 122.5 7.0 2.0 0.1 1.0 29.03 
0.74 686.0 245.0 220.5 3.5 2.0 0.1 1.0 10.36 
0.69 735.0 294.0 220.5 3.5 4.0 0.0 0.0 6.77 
0.76 661.5 416.5 122.5 7.0 2.0 0.1 2.0 33.16 
0.74 686.0 245.0 220.5 3.5 4.0 0.4 4.0 14.32 
0.98 514.5 294.0 110.25 7.0 4.0 0.1 4.0 24.04 
0.74 686.0 245.0 220.5 3.5 4.0 0.1 3.0 10.35 
0.66 759.5 318.5 220.5 3.5 3.0 0.4 2.0 15.29 
0.9 563.5 318.5 122.5 7.0 3.0 0.4 3.0 34.95 
0.62 808.5 367.5 220.5 3.5 3.0 0.1 3.0 12.63 
0.82 612.5 318.5 147.0 7.0 4.0 0.1 1.0 23.54 
0.62 808.5 367.5 220.5 3.5 5.0 0.25 5.0 13.86 
0.64 784.0 343.0 220.5 3.5 2.0 0.1 3.0 15.16 
0.64 784.0 343.0 220.5 3.5 4.0 0.4 3.0 18.48 
0.98 514.5 294.0 110.25 7.0 2.0 0.4 5.0 32.84 
0.64 784.0 343.0 220.5 3.5 4.0 0.25 3.0 16.66 
0.71 710.5 269.5 220.5 3.5 5.0 0.25 2.0 12.49 
0.64 784.0 343.0 220.5 3.5 5.0 0.1 5.0 15.36 
0.76 661.5 416.5 122.5 7.0 3.0 0.0 0.0 23.93 
0.76 661.5 416.5 122.5 7.0 3.0 0.1 2.0 32.4 
0.64 784.0 343.0 220.5 3.5 2.0 0.1 1.0 15.41 
0.9 563.5 318.5 122.5 7.0 2.0 0.25 1.0 32.68 
0.66 759.5 318.5 220.5 3.5 4.0 0.1 3.0 11.53 
0.64 784.0 343.0 220.5 3.5 5.0 0.1 3.0 15.36 
0.76 661.5 416.5 122.5 7.0 4.0 0.0 0.0 24.77 
0.64 784.0 343.0 220.5 3.5 2.0 0.4 1.0 19.52 
0.66 759.5 318.5 220.5 3.5 4.0 0.4 5.0 14.92 
0.62 808.5 367.5 220.5 3.5 3.0 0.25 4.0 14.61 
0.76 661.5 416.5 122.5 7.0 3.0 0.4 4.0 40.4 
0.79 637.0 343.0 147.0 7.0 2.0 0.4 5.0 42.11 
0.66 759.5 318.5 220.5 3.5 2.0 0.25 2.0 13.05 
0.74 686.0 245.0 220.5 3.5 4.0 0.4 5.0 14.17 
0.64 784.0 343.0 220.5 3.5 5.0 0.1 1.0 15.21 
0.62 808.5 367.5 220.5 3.5 5.0 0.1 2.0 13.04 
0.86 588.0 294.0 147.0 7.0 3.0 0.1 3.0 26.47 
0.69 735.0 294.0 220.5 3.5 2.0 0.25 3.0 12.34 
0.98 514.5 294.0 110.25 7.0 4.0 0.25 5.0 28.15 
0.62 808.5 367.5 220.5 3.5 5.0 0.1 1.0 13.02 
0.64 784.0 343.0 220.5 3.5 3.0 0.25 5.0 16.86 
0.76 661.5 416.5 122.5 7.0 4.0 0.25 5.0 36.06 
0.64 784.0 343.0 220.5 3.5 5.0 0.25 1.0 17.37 
0.62 808.5 367.5 220.5 3.5 3.0 0.25 3.0 14.34 
0.86 588.0 294.0 147.0 7.0 2.0 0.25 4.0 29.47 
0.64 784.0 343.0 220.5 3.5 2.0 0.4 2.0 19.2 
0.82 612.5 318.5 147.0 7.0 2.0 0.1 2.0 23.75 
0.86 588.0 294.0 147.0 7.0 3.0 0.25 2.0 29.87 
0.69 735.0 294.0 220.5 3.5 5.0 0.4 5.0 14.21 
0.86 588.0 294.0 147.0 7.0 4.0 0.1 4.0 26.33 
0.76 661.5 416.5 122.5 7.0 4.0 0.1 2.0 33.12 
0.82 612.5 318.5 147.0 7.0 3.0 0.1 2.0 24.23 
0.9 563.5 318.5 122.5 7.0 4.0 0.4 4.0 35.4 
0.86 588.0 294.0 147.0 7.0 2.0 0.1 1.0 26.28 
0.71 710.5 269.5 220.5 3.5 5.0 0.4 4.0 14.66 
0.82 612.5 318.5 147.0 7.0 4.0 0.25 5.0 24.6 
0.64 784.0 343.0 220.5 3.5 3.0 0.1 2.0 15.18 
0.86 588.0 294.0 147.0 7.0 4.0 0.4 5.0 31.12 
0.98 514.5 294.0 110.25 7.0 2.0 0.1 4.0 24.38 
0.9 563.5 318.5 122.5 7.0 2.0 0.25 4.0 32.67 
0.98 514.5 294.0 110.25 7.0 2.0 0.1 3.0 24.28 
0.71 710.5 269.5 220.5 3.5 2.0 0.1 3.0 10.77 
0.98 514.5 294.0 110.25 7.0 3.0 0.4 3.0 32.69 
0.71 710.5 269.5 220.5 3.5 5.0 0.4 5.0 12.42 
0.98 514.5 294.0 110.25 7.0 4.0 0.0 0.0 15.55 
0.71 710.5 269.5 220.5 3.5 5.0 0.0 0.0 6.4 
0.79 637.0 343.0 147.0 7.0 3.0 0.4 4.0 41.73 
0.79 637.0 343.0 147.0 7.0 3.0 0.1 2.0 37.26 
0.98 514.5 294.0 110.25 7.0 5.0 0.4 5.0 32.73 
0.74 686.0 245.0 220.5 3.5 3.0 0.4 3.0 14.22 
0.71 710.5 269.5 220.5 3.5 4.0 0.4 1.0 14.5 
0.74 686.0 245.0 220.5 3.5 5.0 0.25 1.0 12.45 
0.64 784.0 343.0 220.5 3.5 5.0 0.4 1.0 19.42 
0.86 588.0 294.0 147.0 7.0 3.0 0.1 2.0 27.02 
0.76 661.5 416.5 122.5 7.0 5.0 0.0 0.0 23.93 
0.9 563.5 318.5 122.5 7.0 2.0 0.0 0.0 20.84 
0.74 686.0 245.0 220.5 3.5 2.0 0.4 2.0 14.54 
0.62 808.5 367.5 220.5 3.5 3.0 0.1 4.0 13.04 
0.66 759.5 318.5 220.5 3.5 2.0 0.25 3.0 12.97 
0.71 710.5 269.5 220.5 3.5 2.0 0.25 5.0 12.27 
0.62 808.5 367.5 220.5 3.5 3.0 0.4 5.0 16.44 
0.76 661.5 416.5 122.5 7.0 5.0 0.4 1.0 40.43 
0.98 514.5 294.0 110.25 7.0 3.0 0.1 3.0 24.4 
0.66 759.5 318.5 220.5 3.5 5.0 0.0 0.0 7.1 
0.71 710.5 269.5 220.5 3.5 2.0 0.4 3.0 14.07 
0.9 563.5 318.5 122.5 7.0 5.0 0.1 1.0 28.09 
0.64 784.0 343.0 220.5 3.5 4.0 0.4 5.0 18.16 
0.76 661.5 416.5 122.5 7.0 3.0 0.1 1.0 32.12 
0.71 710.5 269.5 220.5 3.5 4.0 0.1 2.0 10.55 
0.98 514.5 294.0 110.25 7.0 5.0 0.1 1.0 24.59 
0.82 612.5 318.5 147.0 7.0 5.0 0.1 3.0 23.87 
0.74 686.0 245.0 220.5 3.5 5.0 0.1 3.0 10.38 
0.82 612.5 318.5 147.0 7.0 2.0 0.4 5.0 30.0 
0.69 735.0 294.0 220.5 3.5 2.0 0.4 3.0 14.32 
0.82 612.5 318.5 147.0 7.0 3.0 0.0 0.0 17.41 
0.9 563.5 318.5 122.5 7.0 3.0 0.1 2.0 29.68 
0.86 588.0 294.0 147.0 7.0 5.0 0.1 1.0 25.27 
0.66 759.5 318.5 220.5 3.5 3.0 0.4 1.0 15.23 
0.82 612.5 318.5 147.0 7.0 5.0 0.25 4.0 26.0 
0.9 563.5 318.5 122.5 7.0 5.0 0.1 3.0 29.05 
0.98 514.5 294.0 110.25 7.0 3.0 0.25 3.0 28.56 
0.64 784.0 343.0 220.5 3.5 3.0 0.4 3.0 18.71 
0.62 808.5 367.5 220.5 3.5 5.0 0.4 4.0 16.77 
0.62 808.5 367.5 220.5 3.5 5.0 0.4 3.0 16.74 
0.69 735.0 294.0 220.5 3.5 3.0 0.25 5.0 12.12 
0.76 661.5 416.5 122.5 7.0 2.0 0.1 3.0 32.52 
0.71 710.5 269.5 220.5 3.5 4.0 0.4 5.0 12.76 
0.64 784.0 343.0 220.5 3.5 5.0 0.0 0.0 10.56 
0.9 563.5 318.5 122.5 7.0 3.0 0.4 5.0 35.01 
0.98 514.5 294.0 110.25 7.0 5.0 0.0 0.0 15.55 
0.69 735.0 294.0 220.5 3.5 2.0 0.0 0.0 6.85 
0.76 661.5 416.5 122.5 7.0 5.0 0.1 1.0 32.21 
0.64 784.0 343.0 220.5 3.5 3.0 0.25 1.0 17.35 
0.98 514.5 294.0 110.25 7.0 4.0 0.1 3.0 24.11 
0.66 759.5 318.5 220.5 3.5 2.0 0.1 4.0 11.44 
0.76 661.5 416.5 122.5 7.0 2.0 0.25 2.0 36.95 
0.71 710.5 269.5 220.5 3.5 4.0 0.1 1.0 10.7 
0.64 784.0 343.0 220.5 3.5 4.0 0.25 2.0 17.02 
0.98 514.5 294.0 110.25 7.0 2.0 0.25 4.0 28.7 
0.79 637.0 343.0 147.0 7.0 5.0 0.1 2.0 36.03 
0.76 661.5 416.5 122.5 7.0 5.0 0.4 4.0 40.11 
0.66 759.5 318.5 220.5 3.5 5.0 0.4 5.0 15.16 
0.71 710.5 269.5 220.5 3.5 4.0 0.25 2.0 12.2 
0.74 686.0 245.0 220.5 3.5 2.0 0.4 5.0 14.41 
0.66 759.5 318.5 220.5 3.5 2.0 0.0 0.0 7.18 
0.82 612.5 318.5 147.0 7.0 3.0 0.4 4.0 28.05 
0.71 710.5 269.5 220.5 3.5 5.0 0.1 2.0 10.68 
0.66 759.5 318.5 220.5 3.5 2.0 0.1 3.0 11.59 
0.74 686.0 245.0 220.5 3.5 3.0 0.1 3.0 10.34 
0.86 588.0 294.0 147.0 7.0 5.0 0.4 3.0 31.84 
0.79 637.0 343.0 147.0 7.0 3.0 0.25 2.0 40.19 
0.79 637.0 343.0 147.0 7.0 5.0 0.0 0.0 28.75 
0.71 710.5 269.5 220.5 3.5 3.0 0.1 1.0 10.8 
0.74 686.0 245.0 220.5 3.5 5.0 0.1 1.0 10.39 
0.86 588.0 294.0 147.0 7.0 4.0 0.4 4.0 32.15 
0.82 612.5 318.5 147.0 7.0 2.0 0.25 3.0 24.7 
0.62 808.5 367.5 220.5 3.5 5.0 0.25 2.0 14.6 
0.79 637.0 343.0 147.0 7.0 3.0 0.1 1.0 37.12 
0.62 808.5 367.5 220.5 3.5 3.0 0.1 2.0 13.0 
0.69 735.0 294.0 220.5 3.5 2.0 0.1 2.0 11.45 
0.76 661.5 416.5 122.5 7.0 5.0 0.25 4.0 36.26 
0.64 784.0 343.0 220.5 3.5 2.0 0.25 3.0 16.83 
0.9 563.5 318.5 122.5 7.0 5.0 0.25 2.0 31.66 
0.76 661.5 416.5 122.5 7.0 2.0 0.4 1.0 40.78 
0.76 661.5 416.5 122.5 7.0 4.0 0.4 5.0 39.31 
0.66 759.5 318.5 220.5 3.5 5.0 0.4 4.0 15.3 
0.74 686.0 245.0 220.5 3.5 4.0 0.4 3.0 14.1 
0.98 514.5 294.0 110.25 7.0 2.0 0.1 5.0 24.35 
0.79 637.0 343.0 147.0 7.0 5.0 0.4 4.0 42.96 
0.79 637.0 343.0 147.0 7.0 4.0 0.1 5.0 36.77 
0.64 784.0 343.0 220.5 3.5 4.0 0.4 1.0 19.48 
0.82 612.5 318.5 147.0 7.0 3.0 0.4 2.0 29.49 
0.64 784.0 343.0 220.5 3.5 4.0 0.1 1.0 15.42 
0.86 588.0 294.0 147.0 7.0 2.0 0.1 2.0 26.48 
0.74 686.0 245.0 220.5 3.5 4.0 0.1 5.0 10.34 
0.66 759.5 318.5 220.5 3.5 4.0 0.25 5.0 12.78 
0.82 612.5 318.5 147.0 7.0 2.0 0.4 3.0 28.67 
0.76 661.5 416.5 122.5 7.0 4.0 0.1 3.0 32.33 
0.86 588.0 294.0 147.0 7.0 5.0 0.1 2.0 25.36 
0.79 637.0 343.0 147.0 7.0 2.0 0.4 3.0 41.26 
0.71 710.5 269.5 220.5 3.5 5.0 0.1 1.0 10.75 
0.66 759.5 318.5 220.5 3.5 5.0 0.1 2.0 11.43 
0.69 735.0 294.0 220.5 3.5 3.0 0.25 3.0 12.46 
0.62 808.5 367.5 220.5 3.5 2.0 0.4 2.0 16.76 
0.98 514.5 294.0 110.25 7.0 2.0 0.4 3.0 32.82 
0.71 710.5 269.5 220.5 3.5 3.0 0.4 4.0 14.7 
0.98 514.5 294.0 110.25 7.0 3.0 0.1 5.0 24.33 
