0.71 710.5 269.5 220.5 3.5 5.0 0.1 1.0 10.75 
0.76 661.5 416.5 122.5 7.0 4.0 0.4 2.0 40.57 
0.79 637.0 343.0 147.0 7.0 2.0 0.4 3.0 41.26 
0.66 759.5 318.5 220.5 3.5 5.0 0.0 0.0 7.1 
0.76 661.5 416.5 122.5 7.0 4.0 0.1 2.0 33.12 
0.98 514.5 294.0 110.25 7.0 5.0 0.4 5.0 32.73 
0.9 563.5 318.5 122.5 7.0 2.0 0.1 1.0 29.03 
0.62 808.5 367.5 220.5 3.5 4.0 0.0 0.0 8.45 
0.62 808.5 367.5 220.5 3.5 4.0 0.1 4.0 13.0 
0.69 735.0 294.0 220.5 3.5 2.0 0.0 0.0 6.85 
0.82 612.5 318.5 147.0 7.0 4.0 0.1 1.0 23.54 
0.74 686.0 245.0 220.5 3.5 5.0 0.1 4.0 10.14 
0.82 612.5 318.5 147.0 7.0 3.0 0.4 2.0 29.49 
0.62 808.5 367.5 220.5 3.5 5.0 0.4 5.0 16.64 
0.74 686.0 245.0 220.5 3.5 3.0 0.4 5.0 14.19 
0.66 759.5 318.5 220.5 3.5 5.0 0.1 1.0 11.69 
0.79 637.0 343.0 147.0 7.0 4.0 0.1 5.0 36.77 
0.9 563.5 318.5 122.5 7.0 5.0 0.25 2.0 31.66 
0.62 808.5 367.5 220.5 3.5 4.0 0.1 1.0 12.93 
0.66 759.5 318.5 220.5 3.5 5.0 0.4 3.0 14.9 
0.69 735.0 294.0 220.5 3.5 5.0 0.4 3.0 14.08 
0.86 588.0 294.0 147.0 7.0 2.0 0.1 2.0 26.48 
0.86 588.0 294.0 147.0 7.0 5.0 0.1 2.0 25.36 
0.66 759.5 318.5 220.5 3.5 3.0 0.1 1.0 11.69 
0.62 808.5 367.5 220.5 3.5 5.0 0.1 2.0 13.04 
0.64 784.0 343.0 220.5 3.5 5.0 0.0 0.0 10.56 
0.71 710.5 269.5 220.5 3.5 4.0 0.1 2.0 10.55 
0.76 661.5 416.5 122.5 7.0 3.0 0.4 4.0 40.4 
0.98 514.5 294.0 110.25 7.0 3.0 0.1 2.0 24.31 
0.62 808.5 367.5 220.5 3.5 2.0 0.1 1.0 12.96 
0.71 710.5 269.5 220.5 3.5 5.0 0.1 2.0 10.68 
0.66 759.5 318.5 220.5 3.5 5.0 0.1 2.0 11.43 
0.9 563.5 318.5 122.5 7.0 3.0 0.1 2.0 29.68 
0.62 808.5 367.5 220.5 3.5 2.0 0.4 2.0 16.76 
0.62 808.5 367.5 220.5 3.5 5.0 0.25 4.0 14.65 
0.66 759.5 318.5 220.5 3.5 3.0 0.1 2.0 11.42 
0.98 514.5 294.0 110.25 7.0 4.0 0.1 3.0 24.11 
0.98 514.5 294.0 110.25 7.0 3.0 0.1 4.0 24.23 
0.64 784.0 343.0 220.5 3.5 4.0 0.4 4.0 19.0 
0.71 710.5 269.5 220.5 3.5 3.0 0.4 3.0 14.03 
0.9 563.5 318.5 122.5 7.0 4.0 0.1 3.0 29.62 
0.86 588.0 294.0 147.0 7.0 5.0 0.0 0.0 18.31 
0.62 808.5 367.5 220.5 3.5 3.0 0.25 3.0 14.34 
0.64 784.0 343.0 220.5 3.5 3.0 0.25 5.0 16.86 
0.79 637.0 343.0 147.0 7.0 2.0 0.4 2.0 41.64 
0.76 661.5 416.5 122.5 7.0 5.0 0.4 3.0 39.68 
0.64 784.0 343.0 220.5 3.5 2.0 0.4 1.0 19.52 
0.71 710.5 269.5 220.5 3.5 3.0 0.1 2.0 10.72 
0.62 808.5 367.5 220.5 3.5 2.0 0.1 2.0 12.88 
0.9 563.5 318.5 122.5 7.0 3.0 0.1 4.0 28.05 
0.9 563.5 318.5 122.5 7.0 3.0 0.25 2.0 33.27 
0.86 588.0 294.0 147.0 7.0 5.0 0.4 4.0 32.75 
0.64 784.0 343.0 220.5 3.5 2.0 0.25 3.0 16.83 
0.66 759.5 318.5 220.5 3.5 2.0 0.0 0.0 7.18 
0.71 710.5 269.5 220.5 3.5 5.0 0.4 4.0 14.66 
0.74 686.0 245.0 220.5 3.5 3.0 0.0 0.0 6.05 
0.64 784.0 343.0 220.5 3.5 2.0 0.4 2.0 19.2 
0.66 759.5 318.5 220.5 3.5 2.0 0.25 3.0 12.97 
0.66 759.5 318.5 220.5 3.5 3.0 0.4 2.0 15.29 
0.71 710.5 269.5 220.5 3.5 2.0 0.25 5.0 12.27 
0.76 661.5 416.5 122.5 7.0 4.0 0.25 5.0 36.06 
0.9 563.5 318.5 122.5 7.0 3.0 0.1 3.0 29.01 
0.74 686.0 245.0 220.5 3.5 2.0 0.4 4.0 14.37 
0.62 808.5 367.5 220.5 3.5 3.0 0.1 5.0 12.74 
0.69 735.0 294.0 220.5 3.5 4.0 0.0 0.0 6.77 
0.79 637.0 343.0 147.0 7.0 5.0 0.4 4.0 42.96 
0.62 808.5 367.5 220.5 3.5 3.0 0.1 2.0 13.0 
0.86 588.0 294.0 147.0 7.0 4.0 0.0 0.0 19.34 
0.9 563.5 318.5 122.5 7.0 3.0 0.4 4.0 35.73 
0.79 637.0 343.0 147.0 7.0 4.0 0.4 2.0 42.74 
0.98 514.5 294.0 110.25 7.0 2.0 0.1 3.0 24.28 
0.74 686.0 245.0 220.5 3.5 2.0 0.4 3.0 13.97 
0.64 784.0 343.0 220.5 3.5 2.0 0.1 3.0 15.16 
0.71 710.5 269.5 220.5 3.5 4.0 0.25 2.0 12.2 
0.69 735.0 294.0 220.5 3.5 5.0 0.1 2.0 11.49 
0.9 563.5 318.5 122.5 7.0 4.0 0.4 3.0 35.05 
0.71 710.5 269.5 220.5 3.5 4.0 0.4 5.0 12.76 
0.82 612.5 318.5 147.0 7.0 2.0 0.1 4.0 23.8 
0.82 612.5 318.5 147.0 7.0 4.0 0.25 5.0 24.6 
0.62 808.5 367.5 220.5 3.5 2.0 0.25 3.0 13.91 
0.76 661.5 416.5 122.5 7.0 2.0 0.4 1.0 40.78 
0.76 661.5 416.5 122.5 7.0 3.0 0.0 0.0 23.93 
0.74 686.0 245.0 220.5 3.5 2.0 0.1 1.0 10.36 
0.79 637.0 343.0 147.0 7.0 5.0 0.1 3.0 36.7 
0.76 661.5 416.5 122.5 7.0 5.0 0.1 3.0 33.24 
0.66 759.5 318.5 220.5 3.5 4.0 0.1 2.0 11.33 
0.98 514.5 294.0 110.25 7.0 3.0 0.1 3.0 24.4 
0.62 808.5 367.5 220.5 3.5 4.0 0.4 4.0 16.94 
0.66 759.5 318.5 220.5 3.5 2.0 0.1 3.0 11.59 
0.64 784.0 343.0 220.5 3.5 2.0 0.1 4.0 15.4 
0.79 637.0 343.0 147.0 7.0 5.0 0.0 0.0 28.75 
0.79 637.0 343.0 147.0 7.0 3.0 0.1 2.0 37.26 
0.69 735.0 294.0 220.5 3.5 2.0 0.4 2.0 14.75 
0.64 784.0 343.0 220.5 3.5 4.0 0.4 5.0 18.16 
0.71 710.5 269.5 220.5 3.5 5.0 0.0 0.0 6.4 
0.74 686.0 245.0 220.5 3.5 5.0 0.1 3.0 10.38 
0.74 686.0 245.0 220.5 3.5 2.0 0.25 2.0 12.35 
0.76 661.5 416.5 122.5 7.0 5.0 0.1 2.0 32.41 
0.82 612.5 318.5 147.0 7.0 3.0 0.0 0.0 17.41 
0.9 563.5 318.5 122.5 7.0 2.0 0.4 4.0 36.45 
0.71 710.5 269.5 220.5 3.5 3.0 0.4 4.0 14.7 
0.71 710.5 269.5 220.5 3.5 2.0 0.1 2.0 10.64 
0.98 514.5 294.0 110.25 7.0 2.0 0.4 3.0 32.82 
0.69 735.0 294.0 220.5 3.5 5.0 0.1 1.0 11.16 
0.9 563.5 318.5 122.5 7.0 5.0 0.1 3.0 29.05 
0.64 784.0 343.0 220.5 3.5 3.0 0.1 3.0 15.36 
0.64 784.0 343.0 220.5 3.5 2.0 0.25 1.0 17.5 
0.98 514.5 294.0 110.25 7.0 3.0 0.0 0.0 15.55 
0.64 784.0 343.0 220.5 3.5 4.0 0.4 3.0 18.48 
0.86 588.0 294.0 147.0 7.0 4.0 0.1 1.0 26.37 
0.79 637.0 343.0 147.0 7.0 3.0 0.1 1.0 37.12 
0.9 563.5 318.5 122.5 7.0 3.0 0.4 3.0 34.95 
0.66 759.5 318.5 220.5 3.5 4.0 0.1 3.0 11.53 
0.74 686.0 245.0 220.5 3.5 4.0 0.4 5.0 14.17 
0.76 661.5 416.5 122.5 7.0 3.0 0.4 1.0 39.97 
0.79 637.0 343.0 147.0 7.0 5.0 0.25 1.0 39.04 
0.62 808.5 367.5 220.5 3.5 3.0 0.1 3.0 12.63 
0.74 686.0 245.0 220.5 3.5 3.0 0.1 2.0 10.46 
0.86 588.0 294.0 147.0 7.0 3.0 0.1 5.0 26.45 
0.64 784.0 343.0 220.5 3.5 5.0 0.25 3.0 16.86 
0.79 637.0 343.0 147.0 7.0 2.0 0.25 3.0 39.04 
0.62 808.5 367.5 220.5 3.5 2.0 0.4 3.0 16.47 
0.76 661.5 416.5 122.5 7.0 2.0 0.1 2.0 33.16 
0.76 661.5 416.5 122.5 7.0 3.0 0.1 2.0 32.4 
0.82 612.5 318.5 147.0 7.0 4.0 0.0 0.0 16.95 
0.82 612.5 318.5 147.0 7.0 5.0 0.1 3.0 23.87 
0.86 588.0 294.0 147.0 7.0 3.0 0.4 3.0 32.12 
0.64 784.0 343.0 220.5 3.5 5.0 0.4 1.0 19.42 
0.64 784.0 343.0 220.5 3.5 4.0 0.4 1.0 19.48 
0.64 784.0 343.0 220.5 3.5 4.0 0.25 2.0 17.02 
0.82 612.5 318.5 147.0 7.0 4.0 0.4 5.0 29.06 
0.9 563.5 318.5 122.5 7.0 2.0 0.25 4.0 32.67 
0.98 514.5 294.0 110.25 7.0 5.0 0.1 1.0 24.59 
0.66 759.5 318.5 220.5 3.5 5.0 0.25 4.0 12.92 
0.69 735.0 294.0 220.5 3.5 3.0 0.25 5.0 12.12 
0.86 588.0 294.0 147.0 7.0 4.0 0.4 4.0 32.15 
0.9 563.5 318.5 122.5 7.0 2.0 0.0 0.0 20.84 
0.76 661.5 416.5 122.5 7.0 2.0 0.1 3.0 32.52 
0.74 686.0 245.0 220.5 3.5 3.0 0.4 3.0 14.22 
0.64 784.0 343.0 220.5 3.5 2.0 0.4 3.0 18.48 
0.64 784.0 343.0 220.5 3.5 3.0 0.25 1.0 17.35 
0.66 759.5 318.5 220.5 3.5 3.0 0.4 1.0 15.23 
0.98 514.5 294.0 110.25 7.0 2.0 0.25 4.0 28.7 
0.98 514.5 294.0 110.25 7.0 4.0 0.1 4.0 24.04 
0.76 661.5 416.5 122.5 7.0 5.0 0.25 4.0 36.26 
0.71 710.5 269.5 220.5 3.5 4.0 0.4 3.0 13.94 
0.64 784.0 343.0 220.5 3.5 4.0 0.25 4.0 16.56 
0.66 759.5 318.5 220.5 3.5 4.0 0.1 1.0 11.7 
0.62 808.5 367.5 220.5 3.5 5.0 0.4 4.0 16.77 
0.79 637.0 343.0 147.0 7.0 3.0 0.4 4.0 41.73 
0.66 759.5 318.5 220.5 3.5 4.0 0.4 2.0 15.09 
0.71 710.5 269.5 220.5 3.5 2.0 0.4 3.0 14.07 
0.76 661.5 416.5 122.5 7.0 4.0 0.4 5.0 39.31 
0.69 735.0 294.0 220.5 3.5 3.0 0.25 3.0 12.46 
0.98 514.5 294.0 110.25 7.0 3.0 0.4 3.0 32.69 
0.71 710.5 269.5 220.5 3.5 2.0 0.4 5.0 12.43 
0.82 612.5 318.5 147.0 7.0 2.0 0.1 3.0 22.93 
0.64 784.0 343.0 220.5 3.5 4.0 0.1 3.0 15.12 
0.69 735.0 294.0 220.5 3.5 5.0 0.4 5.0 14.21 
0.9 563.5 318.5 122.5 7.0 5.0 0.0 0.0 19.68 
0.64 784.0 343.0 220.5 3.5 5.0 0.1 3.0 15.36 
0.74 686.0 245.0 220.5 3.5 4.0 0.4 3.0 14.1 
0.76 661.5 416.5 122.5 7.0 3.0 0.1 1.0 32.12 
0.86 588.0 294.0 147.0 7.0 5.0 0.4 1.0 31.29 
0.76 661.5 416.5 122.5 7.0 4.0 0.1 3.0 32.33 
0.9 563.5 318.5 122.5 7.0 4.0 0.1 2.0 28.83 
0.9 563.5 318.5 122.5 7.0 4.0 0.4 4.0 35.4 
0.74 686.0 245.0 220.5 3.5 2.0 0.1 2.0 10.42 
0.62 808.5 367.5 220.5 3.5 2.0 0.1 3.0 12.68 
0.66 759.5 318.5 220.5 3.5 3.0 0.1 5.0 11.34 
0.82 612.5 318.5 147.0 7.0 3.0 0.1 2.0 24.23 
0.82 612.5 318.5 147.0 7.0 3.0 0.4 5.0 29.5 
0.74 686.0 245.0 220.5 3.5 4.0 0.4 4.0 14.32 
0.82 612.5 318.5 147.0 7.0 2.0 0.1 1.0 23.53 
0.69 735.0 294.0 220.5 3.5 5.0 0.25 2.0 12.95 
0.98 514.5 294.0 110.25 7.0 3.0 0.25 3.0 28.56 
0.86 588.0 294.0 147.0 7.0 4.0 0.4 3.0 32.05 
0.62 808.5 367.5 220.5 3.5 4.0 0.25 1.0 15.08 
0.64 784.0 343.0 220.5 3.5 5.0 0.1 1.0 15.21 
0.69 735.0 294.0 220.5 3.5 2.0 0.25 3.0 12.34 
0.86 588.0 294.0 147.0 7.0 4.0 0.4 1.0 32.09 
0.82 612.5 318.5 147.0 7.0 2.0 0.25 4.0 25.66 
0.98 514.5 294.0 110.25 7.0 5.0 0.1 4.0 24.32 
0.62 808.5 367.5 220.5 3.5 4.0 0.25 5.0 14.16 
0.66 759.5 318.5 220.5 3.5 5.0 0.4 4.0 15.3 
0.79 637.0 343.0 147.0 7.0 3.0 0.25 2.0 40.19 
0.86 588.0 294.0 147.0 7.0 2.0 0.1 3.0 25.41 
0.62 808.5 367.5 220.5 3.5 5.0 0.0 0.0 8.5 
0.69 735.0 294.0 220.5 3.5 2.0 0.4 3.0 14.32 
0.79 637.0 343.0 147.0 7.0 2.0 0.4 5.0 42.11 
0.71 710.5 269.5 220.5 3.5 4.0 0.4 1.0 14.5 
0.64 784.0 343.0 220.5 3.5 3.0 0.25 3.0 16.93 
0.64 784.0 343.0 220.5 3.5 5.0 0.25 1.0 17.37 
0.64 784.0 343.0 220.5 3.5 4.0 0.25 3.0 16.66 
0.86 588.0 294.0 147.0 7.0 3.0 0.25 5.0 29.09 
0.71 710.5 269.5 220.5 3.5 5.0 0.25 2.0 12.49 
0.66 759.5 318.5 220.5 3.5 4.0 0.4 5.0 14.92 
0.74 686.0 245.0 220.5 3.5 2.0 0.4 5.0 14.41 
0.79 637.0 343.0 147.0 7.0 2.0 0.1 1.0 35.56 
0.79 637.0 343.0 147.0 7.0 5.0 0.4 2.0 41.92 
0.86 588.0 294.0 147.0 7.0 4.0 0.1 2.0 26.33 
0.79 637.0 343.0 147.0 7.0 4.0 0.1 1.0 36.9 
0.62 808.5 367.5 220.5 3.5 4.0 0.4 2.0 17.26 
0.69 735.0 294.0 220.5 3.5 5.0 0.4 2.0 14.62 
0.74 686.0 245.0 220.5 3.5 5.0 0.4 4.0 14.44 
0.82 612.5 318.5 147.0 7.0 2.0 0.4 5.0 30.0 
0.71 710.5 269.5 220.5 3.5 3.0 0.4 5.0 12.63 
0.82 612.5 318.5 147.0 7.0 4.0 0.1 2.0 23.67 
0.69 735.0 294.0 220.5 3.5 3.0 0.0 0.0 6.79 
0.79 637.0 343.0 147.0 7.0 4.0 0.1 3.0 36.97 
0.62 808.5 367.5 220.5 3.5 3.0 0.4 4.0 16.9 
0.98 514.5 294.0 110.25 7.0 2.0 0.1 5.0 24.35 
0.86 588.0 294.0 147.0 7.0 4.0 0.1 4.0 26.33 
0.79 637.0 343.0 147.0 7.0 2.0 0.25 4.0 40.0 
0.64 784.0 343.0 220.5 3.5 3.0 0.0 0.0 10.54 
0.74 686.0 245.0 220.5 3.5 4.0 0.1 5.0 10.34 
0.79 637.0 343.0 147.0 7.0 3.0 0.1 3.0 35.48 
0.86 588.0 294.0 147.0 7.0 5.0 0.4 3.0 31.84 
0.69 735.0 294.0 220.5 3.5 5.0 0.1 4.0 11.2 
0.66 759.5 318.5 220.5 3.5 3.0 0.0 0.0 7.1 
0.98 514.5 294.0 110.25 7.0 3.0 0.1 5.0 24.33 
0.82 612.5 318.5 147.0 7.0 5.0 0.4 3.0 28.91 
0.71 710.5 269.5 220.5 3.5 4.0 0.25 4.0 12.17 
0.86 588.0 294.0 147.0 7.0 5.0 0.1 1.0 25.27 
0.66 759.5 318.5 220.5 3.5 2.0 0.4 5.0 14.96 
0.66 759.5 318.5 220.5 3.5 4.0 0.4 4.0 15.09 
0.62 808.5 367.5 220.5 3.5 3.0 0.0 0.0 8.49 
0.62 808.5 367.5 220.5 3.5 2.0 0.4 1.0 15.09 
0.74 686.0 245.0 220.5 3.5 5.0 0.25 5.0 12.02 
0.71 710.5 269.5 220.5 3.5 4.0 0.1 1.0 10.7 
