2.410660032182931900e-03 5.416470114141702652e-03 4.828219767659902573e-03 -1.571979932487010956e-02 -6.186259910464286804e-03 8.396039716899394989e-03 -6.853519938886165619e-03
0.000000000000000000e+00 3.329300088807940483e-03 2.854109974578022957e-03 6.979790050536394119e-03 2.101260051131248474e-02 2.873529912903904915e-03 1.392879988998174667e-02
2.327640075236558914e-03 1.097480021417140961e-02 1.436199992895126343e-02 4.881860222667455673e-03 8.162580430507659912e-03 1.026230026036500931e-02 8.283739909529685974e-03
1.491270028054714203e-02 -6.605059839785099030e-03 -2.012629993259906769e-03 -2.480790019035339355e-02 3.490410000085830688e-02 -8.335349848493933678e-04 1.124390051700174809e-03
2.832219935953617096e-02 5.895049870014190674e-02 4.193370044231414795e-02 4.310379922389984131e-02 4.107350111007690430e-02 4.629990085959434509e-02 3.850619867444038391e-02
-1.147569995373487473e-02 -2.047279995167627931e-04 -3.329240018501877785e-03 1.866089925169944763e-02 -8.918019942939281464e-03 2.503999974578619003e-03 8.160489611327648163e-03
1.009450014680624008e-02 9.400829672813415527e-03 8.745290338993072510e-03 1.590959960594773293e-03 9.570489637553691864e-03 9.641880169510841370e-03 2.853030106052756310e-03
4.257199913263320923e-02 5.011190194636583328e-03 -7.728870026767253876e-03 -2.056130021810531616e-02 3.353210166096687317e-02 -3.338559996336698532e-03 -5.092239938676357269e-03
4.511130042374134064e-03 -2.991090063005685806e-03 -2.806860022246837616e-03 -1.757439970970153809e-02 -4.663629923015832901e-03 -5.225310102105140686e-03 -1.551929954439401627e-02
2.378389984369277954e-02 2.259819954633712769e-02 1.431049965322017670e-02 5.008900072425603867e-03 2.637800015509128571e-02 1.683890074491500854e-02 1.033089961856603622e-02
-3.258950018789619207e-04 -1.988939940929412842e-03 -3.543840139172971249e-04 -9.536449797451496124e-03 -3.729739983100444078e-04 -2.990569919347763062e-03 -1.185079963761381805e-04
-4.807869903743267059e-03 2.504759933799505234e-03 -1.111770034185610712e-04 1.284260023385286331e-02 -7.618300151079893112e-03 5.010439781472086906e-04 -2.498260000720620155e-03
4.212060011923313141e-03 9.634680114686489105e-03 8.665050379931926727e-03 -5.992449820041656494e-03 0.000000000000000000e+00 7.096900139003992081e-03 5.018529947847127914e-03
1.745230052620172501e-03 4.785520141012966633e-04 7.044610101729631424e-04 7.456630002707242966e-03 2.416559960693120956e-03 -4.976770142093300819e-04 5.447370000183582306e-03
2.907769940793514252e-02 2.642809972167015076e-02 2.666419930756092072e-02 1.160059962421655655e-02 2.916599996387958527e-02 2.894500084221363068e-02 1.440470013767480850e-02
4.957070108503103256e-03 1.451199967414140701e-02 9.771989658474922180e-03 1.724790036678314209e-02 -5.381099879741668701e-03 1.500079967081546783e-02 -5.525920074433088303e-03
3.734710067510604858e-02 3.010720014572143555e-02 1.471730042248964310e-02 3.667230159044265747e-02 3.025159984827041626e-02 2.035019919276237488e-02 2.769589982926845551e-02
3.676279913634061813e-03 8.245790377259254456e-03 3.274319926276803017e-03 2.454219944775104523e-02 7.811919786036014557e-03 3.094079904258251190e-03 5.524349864572286606e-03
7.533129770308732986e-03 6.790779996663331985e-03 6.289179902523756027e-03 2.545320056378841400e-02 4.866689909249544144e-03 8.560859598219394684e-03 1.091689988970756531e-02
-7.711289916187524796e-03 2.040299959480762482e-02 1.077559962868690491e-02 1.831570058129727840e-03 0.000000000000000000e+00 1.424659974873065948e-02 -9.666720288805663586e-04
-3.669699886813759804e-03 -1.158429961651563644e-02 -3.074970096349716187e-03 -1.977190002799034119e-02 -3.144559916108846664e-03 -9.876180440187454224e-03 -2.496239962056279182e-03
1.036829967051744461e-02 3.672660095617175102e-03 -3.322659991681575775e-03 1.935449987649917603e-02 1.075190026313066483e-02 -1.034750021062791348e-03 9.233670309185981750e-03
2.074130065739154816e-02 1.565119996666908264e-02 2.470289915800094604e-02 3.240370005369186401e-02 2.416099980473518372e-02 2.039580047130584717e-02 2.241850085556507111e-02
1.010730024427175522e-02 2.034199982881546021e-02 9.553619660437107086e-03 4.535410087555646896e-03 1.084280014038085938e-02 1.364149991422891617e-02 1.157500036060810089e-02
2.137980051338672638e-02 2.086419984698295593e-02 2.249670028686523438e-02 3.862499818205833435e-02 3.022330068051815033e-02 2.122450061142444611e-02 2.581240050494670868e-02
-3.245749976485967636e-03 -1.828530058264732361e-02 -2.285470068454742432e-02 -2.057109959423542023e-02 4.911120049655437469e-03 -2.240169979631900787e-02 -6.819670088589191437e-03
1.375440042465925217e-03 3.334800130687654018e-04 -2.736120019108057022e-03 3.637770132627338171e-04 -4.676830023527145386e-03 -2.146760001778602600e-03 -4.536710213869810104e-03
5.019360221922397614e-03 9.777099825441837311e-03 6.916089914739131927e-03 9.619999764254316688e-05 1.928669982589781284e-03 6.480759941041469574e-03 7.978579960763454437e-03
9.039909578859806061e-03 -8.220000381697900593e-06 8.568179910071194172e-04 1.509989984333515167e-02 -3.958739805966615677e-03 7.773590041324496269e-04 3.654100000858306885e-03
1.436389982700347900e-02 2.053559944033622742e-02 1.616279967129230499e-02 2.133789937943220139e-03 1.971979998052120209e-02 1.412320043891668320e-02 1.569290086627006531e-02
-4.515689797699451447e-03 -1.572280004620552063e-02 -1.177719980478286743e-02 -2.504069916903972626e-02 1.172410044819116592e-02 -1.621250063180923462e-02 -8.741299621760845184e-03
1.458930055378004909e-04 2.831480000168085098e-03 2.612540032714605331e-03 -2.110360004007816315e-02 1.932909945026040077e-03 3.023710101842880249e-03 3.226380096748471260e-03
5.344689823687076569e-03 -3.081450005993247032e-03 -3.022280056029558182e-03 6.829299964010715485e-03 -9.240020066499710083e-03 -3.738590050488710403e-03 -9.269739966839551926e-04
3.007550025358796120e-03 -1.813009963370859623e-03 -2.373340073972940445e-03 2.174889901652932167e-03 7.140560192056000233e-04 -2.555229933932423592e-03 -3.348629921674728394e-03
3.932010009884834290e-02 -1.039309985935688019e-02 -8.947379887104034424e-03 -1.469499990344047546e-02 0.000000000000000000e+00 -9.447029791772365570e-03 -1.188110001385211945e-02
-8.109140209853649139e-03 -1.080789975821971893e-02 -1.833819970488548279e-02 -3.957840148359537125e-03 -2.122860029339790344e-02 -6.164299789816141129e-03 -1.283250004053115845e-02
2.351470058783888817e-03 1.392469974234700203e-03 -2.803880022838711739e-03 -2.489380072802305222e-03 1.153960009105503559e-03 -2.883469918742775917e-03 4.760549927596002817e-04
2.184190088883042336e-03 7.303719874471426010e-03 6.196610163897275925e-03 -2.073559910058975220e-02 -3.529419889673590660e-03 6.743180099874734879e-03 -8.235249668359756470e-03
0.000000000000000000e+00 9.195989929139614105e-03 1.174230035394430161e-02 1.533639966510236263e-03 4.394869785755872726e-03 1.099480036646127701e-02 2.405880019068717957e-03
6.661619991064071655e-03 1.253809966146945953e-02 1.015360001474618912e-02 3.230750095099210739e-03 -5.139600019901990891e-03 1.349029969424009323e-02 3.942419774830341339e-03
2.305259928107261658e-02 8.506819605827331543e-03 6.363830063492059708e-03 1.826849952340126038e-02 1.872359961271286011e-02 4.564399830996990204e-03 1.641760021448135376e-02
-5.677009932696819305e-03 1.539750024676322937e-02 1.952200010418891907e-02 6.613470148295164108e-03 1.685499958693981171e-02 1.934560015797615051e-02 2.156200073659420013e-02
7.095819804817438126e-03 2.040250040590763092e-02 1.504100020974874496e-02 1.582580036483705044e-03 0.000000000000000000e+00 1.692320033907890320e-02 1.180220022797584534e-02
1.242220029234886169e-02 7.220330182462930679e-03 7.123449817299842834e-03 -1.163350045680999756e-02 6.113660056143999100e-03 5.403109826147556305e-03 1.725399983115494251e-03
5.453759804368019104e-04 4.094080068171024323e-04 1.357160042971372604e-03 4.634509794414043427e-03 6.937719881534576416e-03 5.857080104760825634e-04 5.329620093107223511e-03
-1.801370084285736084e-02 -7.403399795293807983e-03 -1.413100026547908783e-02 -1.135579962283372879e-02 -2.008249983191490173e-02 -1.047779992222785950e-02 -9.911919943988323212e-03
2.302259951829910278e-02 2.425079979002475739e-02 1.460229977965354919e-02 7.151050027459859848e-03 2.191619947552680969e-02 1.813109964132308960e-02 1.639859937131404877e-02
4.148819949477910995e-03 -4.000039771199226379e-03 -6.317359860986471176e-03 1.758169941604137421e-02 7.554360199719667435e-03 -4.118029959499835968e-03 1.776710036210715771e-03
2.241770038381218910e-03 3.952980041503906250e-03 -6.870949873700737953e-04 7.352329790592193604e-03 -9.622770361602306366e-03 1.919419970363378525e-03 -1.148900017142295837e-03
8.604640141129493713e-03 5.816540215164422989e-03 3.513890085741877556e-03 8.049080148339271545e-03 1.203329954296350479e-02 4.621880128979682922e-03 6.022190209478139877e-03
7.509999704780057073e-05 4.684030078351497650e-03 -2.427689917385578156e-02 2.885269932448863983e-02 0.000000000000000000e+00 -1.376250013709068298e-02 -1.827509957365691662e-03
-2.414369955658912659e-02 -6.298230029642581940e-03 -1.590139977633953094e-02 -2.835379913449287415e-03 -7.773470133543014526e-03 -1.097350008785724640e-02 -5.565859843045473099e-03
1.273700036108493805e-02 1.316259987652301788e-02 2.192880026996135712e-02 1.790729910135269165e-02 2.606699941679835320e-03 1.900050044059753418e-02 1.164770033210515976e-02
-2.237219922244548798e-02 -2.424710057675838470e-02 0.000000000000000000e+00 3.570450004190206528e-03 -1.200329978018999100e-02 -1.796769909560680389e-02 3.596740076318383217e-03
-4.673290066421031952e-03 -3.982360009104013443e-03 6.698559969663619995e-03 1.316639943979680538e-03 3.163059940561652184e-03 3.560580080375075340e-03 5.139170098118484020e-04
-1.461880002170801163e-02 -1.263500005006790161e-02 -1.516759954392910004e-02 -1.342239975929260254e-02 -1.259759999811649323e-02 -1.537020038813352585e-02 -9.730580262839794159e-03
2.562480047345161438e-03 -2.181039890274405479e-03 4.722219891846179962e-04 -6.101919803768396378e-03 -1.765400054864585400e-03 -1.298040006076917052e-04 8.640739833936095238e-04
5.822699982672929764e-03 1.077419985085725784e-02 7.752500008791685104e-03 -1.428479980677366257e-02 1.047249976545572281e-02 8.986639790236949921e-03 3.191350027918815613e-03
-1.221940014511346817e-02 1.101380027830600739e-02 9.281580336391925812e-03 2.155919931828975677e-02 -6.707100197672843933e-03 3.240999998524785042e-03 5.779980216175317764e-03
2.347539924085140228e-02 5.282919853925704956e-02 3.738909959793090820e-02 8.434919640421867371e-03 5.167439952492713928e-02 3.654849901795387268e-02 3.031150065362453461e-02
3.538700111676007509e-04 -2.364059910178184509e-02 -2.575490064918994904e-02 -3.106769919395446777e-02 -1.227570045739412308e-02 -2.644840069115161896e-02 -2.759030088782310486e-02
-2.726279897615313530e-03 -8.350000280188396573e-05 7.074850145727396011e-03 1.764089986681938171e-02 -1.723010092973709106e-02 1.617820002138614655e-03 3.631320083513855934e-03
1.642099954187870026e-02 1.127349957823753357e-02 7.485730107873678207e-03 2.945029921829700470e-02 2.533249929547309875e-02 1.313100010156631470e-02 1.533950027078390121e-02
-4.662939906120300293e-02 -4.561400040984153748e-02 -1.316630002111196518e-02 -3.764440072700381279e-03 3.999290056526660919e-03 -1.272169966250658035e-02 -6.850440055131912231e-03
8.291379548609256744e-03 3.383130067959427834e-03 -4.593430086970329285e-03 -1.333499979227781296e-02 4.399800207465887070e-03 -7.470000127796083689e-05 -7.263449952006340027e-03
-2.957759983837604523e-02 -3.885599970817565918e-02 -2.481760084629058838e-02 -6.437220145016908646e-03 -1.012010034173727036e-02 -2.614890038967132568e-02 -4.837019834667444229e-03
1.046910043805837631e-02 5.203139968216419220e-03 4.373390227556228638e-03 -1.668550074100494385e-02 7.713790051639080048e-03 4.381639882922172546e-03 4.423749924171715975e-04
6.166030187159776688e-03 1.143809990026056767e-03 -1.870220003183931112e-04 1.464520028093829751e-04 -8.344730362296104431e-03 5.708539974875748158e-04 -5.280789919197559357e-03
-1.362439990043640137e-02 -5.729579832404851913e-03 -1.116229966282844543e-02 -3.917609900236129761e-02 -8.025499992072582245e-03 -9.470189921557903290e-03 -1.596839912235736847e-02
6.856469903141260147e-03 9.491099976003170013e-03 8.171239867806434631e-03 7.845520041882991791e-03 8.096070028841495514e-03 7.872080430388450623e-03 1.327560003846883774e-02
1.765060005709528923e-03 1.583950070198625326e-04 1.142999972216784954e-03 4.235799890011548996e-03 -1.130750030279159546e-02 2.303190063685178757e-03 -5.179159808903932571e-03
7.442119996994733810e-03 1.334669999778270721e-02 8.905399590730667114e-03 3.348609898239374161e-03 1.775389909744262695e-02 1.089280005544424057e-02 7.695979904383420944e-03
0.000000000000000000e+00 0.000000000000000000e+00 0.000000000000000000e+00 4.703570157289505005e-03 0.000000000000000000e+00 0.000000000000000000e+00 4.452220164239406586e-03
7.709240075200796127e-03 -6.624680245295166969e-04 1.114429999142885208e-02 5.025999993085861206e-02 -3.505320055410265923e-03 6.193879991769790649e-03 1.868920028209686279e-02
1.127589959651231766e-03 1.572239957749843597e-02 6.505710072815418243e-03 9.272119961678981781e-03 -9.990439750254154205e-03 1.029419992119073868e-02 -1.744159962981939316e-03
4.587539937347173691e-03 -1.129200030118227005e-02 -8.084639906883239746e-03 -7.379000075161457062e-03 -1.056599989533424377e-02 -7.667439989745616913e-03 -4.143630154430866241e-03
1.286009978502988815e-02 9.905840270221233368e-03 5.569260101765394211e-03 1.206540036946535110e-02 1.963910087943077087e-02 1.236029993742704391e-02 2.971060108393430710e-03
1.845150068402290344e-02 2.815910056233406067e-02 1.963110081851482391e-02 -1.408350002020597458e-02 1.567769981920719147e-02 2.334880083799362183e-02 6.812870036810636520e-03
1.304419990628957748e-02 2.366469986736774445e-02 4.245660081505775452e-02 -1.548460032790899277e-02 6.692919880151748657e-03 3.390530124306678772e-02 7.834220305085182190e-03
-5.135629791766405106e-03 -1.570799970068037510e-03 -1.528869965113699436e-03 -6.777669768780469894e-04 -1.278080046176910400e-02 -3.066529985517263412e-03 -5.433700047433376312e-03
1.316289999522268772e-03 -1.054620021022856236e-03 -5.902120028622448444e-04 -4.381219914648681879e-04 -1.597160007804632187e-03 2.211929997429251671e-03 2.134779933840036392e-03
-3.046910092234611511e-02 -1.783310063183307648e-02 -2.873460017144680023e-02 1.729290001094341278e-02 -3.589859977364540100e-02 -1.707280054688453674e-02 -2.001539990305900574e-02
-6.258669774979352951e-03 -6.994000170379877090e-03 -7.240000180900096893e-03 9.753470309078693390e-03 -2.921549975872039795e-02 -5.858889780938625336e-03 -3.248160006478428841e-03
7.395289721898734570e-04 -5.334440153092145920e-03 -5.021660123020410538e-03 1.867510005831718445e-02 5.272610113024711609e-03 -2.400819910690188408e-03 1.075570005923509598e-02
-2.517859917134046555e-03 2.411789959296584129e-03 1.171620003879070282e-02 1.019200030714273453e-02 -2.303259912878274918e-03 6.255359854549169540e-03 7.195199839770793915e-03
0.000000000000000000e+00 -1.783359982073307037e-02 -4.170789849013090134e-03 -2.341149933636188507e-02 -4.089929908514022827e-02 -1.508800033479928970e-02 -2.410719916224479675e-02
1.364600006490945816e-02 2.385799959301948547e-02 9.199799969792366028e-03 -1.640939968638122082e-03 1.232570037245750427e-02 1.290540024638175964e-02 7.167410105466842651e-03
-2.305280044674873352e-02 -2.047879993915557861e-02 -9.712659753859043121e-03 -3.166599944233894348e-02 -8.538289926946163177e-03 -7.201300002634525299e-03 2.242540009319782257e-03
1.295579969882965088e-02 2.441929886117577553e-03 3.821999998763203621e-03 -1.902970019727945328e-03 2.447899989783763885e-02 2.812650054693222046e-03 1.296050008386373520e-02
0.000000000000000000e+00 2.122700028121471405e-02 2.891349978744983673e-02 7.660420145839452744e-03 1.952390000224113464e-02 2.636289969086647034e-02 1.558689959347248077e-02
3.037509974092245102e-03 -3.420949913561344147e-03 3.677600063383579254e-03 1.536289975047111511e-02 3.826840082183480263e-03 4.772969987243413925e-04 3.712150035426020622e-03
1.391030009835958481e-02 1.405700016766786575e-02 1.304950006306171417e-02 2.176479995250701904e-02 1.510320045053958893e-02 1.475450024008750916e-02 1.064519956707954407e-02
3.868909925222396851e-02 2.750409953296184540e-02 2.172430045902729034e-02 6.122929975390434265e-02 6.379149854183197021e-02 1.564140059053897858e-02 4.780450090765953064e-02
-1.527849957346916199e-02 -9.841400198638439178e-03 -1.898400019854307175e-03 1.881789974868297577e-02 -1.698170043528079987e-02 -6.552219856530427933e-03 -3.227249952033162117e-03
7.386520039290189743e-03 1.323920022696256638e-02 1.143169961869716644e-02 1.383179984986782074e-02 1.079810038208961487e-02 1.191619969904422760e-02 1.345160044729709625e-02
-1.046370016410946846e-03 -5.891089793294668198e-03 -1.139090047217905521e-03 2.698360010981559753e-02 -6.128480192273855209e-03 -2.708239946514368057e-03 8.018819615244865417e-03
7.923459634184837341e-03 5.434060003608465195e-03 5.019309930503368378e-03 -3.074490092694759369e-02 -8.799250237643718719e-03 1.097419997677206993e-03 -7.926000282168388367e-03
-2.232070080935955048e-03 -3.980849869549274445e-03 -1.162179978564381599e-03 9.018589742481708527e-03 -1.338209956884384155e-03 -1.245039980858564377e-03 8.961919695138931274e-03
2.121759951114654541e-02 -7.357419934123754501e-03 -6.422449834644794464e-03 2.122800052165985107e-02 3.643159940838813782e-02 -6.491879932582378387e-03 1.335899997502565384e-02
5.242390092462301254e-03 7.605160120874643326e-03 5.568560212850570679e-03 0.000000000000000000e+00 4.620240069925785065e-03 1.824670005589723587e-03 4.780619870871305466e-03
-1.011759974062442780e-02 4.216310102492570877e-03 2.643279964104294777e-03 2.105040010064840317e-03 -2.056409977376461029e-02 1.193830044940114021e-03 -1.873669959604740143e-02
-4.573440179228782654e-03 1.830199919641017914e-02 4.120630212128162384e-03 2.572220051661133766e-03 -1.362229976803064346e-02 6.790580227971076965e-03 -1.310240011662244797e-02
1.247090008109807968e-02 -1.585630001500248909e-03 -5.177579820156097412e-03 -1.134120021015405655e-02 -3.197669982910156250e-03 -5.692060105502605438e-03 2.711280016228556633e-03
6.103639956563711166e-03 2.453869907185435295e-03 -7.950739818625152111e-04 -9.954590350389480591e-03 1.266300026327371597e-02 -7.155530038289725780e-04 9.774969657883048058e-04
4.260000059730373323e-05 -2.341599902138113976e-03 -6.746930070221424103e-03 1.002290006726980209e-02 3.002170124091207981e-04 -3.988000098615884781e-03 3.322490025311708450e-03
-2.748399972915649414e-03 -6.433840026147663593e-04 -3.687890013679862022e-03 0.000000000000000000e+00 -4.152019973844289780e-03 -3.473170101642608643e-03 -2.354159951210021973e-03
2.366610104218125343e-03 6.742020137608051300e-03 4.198519978672266006e-03 -7.940869778394699097e-03 -6.146070081740617752e-03 4.957709927111864090e-03 -1.464699977077543736e-03
5.667139776051044464e-03 5.995019804686307907e-03 1.349259982816874981e-03 -9.007030166685581207e-04 1.812170073390007019e-02 1.639790018089115620e-03 6.657000165432691574e-03
7.178099825978279114e-03 4.888900090008974075e-03 5.352410022169351578e-03 5.185919813811779022e-03 -8.162279613316059113e-03 5.906260106712579727e-03 8.605910465121269226e-03
-3.710879944264888763e-03 -1.174459978938102722e-02 -6.244060117751359940e-03 -1.223050057888031006e-03 -4.644460044801235199e-03 -1.019969955086708069e-02 -1.846140017732977867e-03
3.694900078698992729e-03 -3.725920105352997780e-03 -2.413169946521520615e-03 8.955840021371841431e-03 -1.691520027816295624e-02 1.569350017234683037e-03 -7.649550214409828186e-03
-3.543939813971519470e-02 -5.233120173215866089e-02 -3.550450131297111511e-02 -4.636880010366439819e-02 -3.038020059466362000e-02 -3.957540169358253479e-02 -3.856449946761131287e-02
-1.153749972581863403e-02 3.323120065033435822e-03 2.042829990386962891e-03 2.033039927482604980e-02 1.019289949908852577e-03 2.650619950145483017e-03 7.314070127904415131e-03
-3.501750156283378601e-02 -1.930269971489906311e-02 -1.648450084030628204e-02 -1.312109990976750851e-03 0.000000000000000000e+00 -2.169110067188739777e-02 -6.233490072190761566e-03
7.374630076810717583e-04 -2.105609979480504990e-03 -4.304239992052316666e-03 1.535130012780427933e-02 3.515050048008561134e-03 -3.365280106663703918e-03 4.233580082654953003e-03
2.877549966797232628e-03 3.027299884706735611e-03 1.356130000203847885e-03 1.086230017244815826e-02 -2.672089962288737297e-03 3.554420080035924911e-03 1.229249988682568073e-03
-3.403129987418651581e-03 3.284780075773596764e-03 -9.923970326781272888e-03 -1.142229977995157242e-02 -1.583060063421726227e-02 -7.264980114996433258e-03 -6.566380150616168976e-03
-7.517660036683082581e-03 2.657650038599967957e-02 1.527469977736473083e-02 2.690830081701278687e-02 9.564899839460849762e-03 1.876999996602535248e-02 1.516559999436140060e-02
-6.109340116381645203e-03 -4.255089908838272095e-03 5.707819946110248566e-04 -2.674230001866817474e-02 5.149430129677057266e-03 -2.034009899944067001e-03 -5.924099823459982872e-04
-3.088460071012377739e-03 -2.869520103558897972e-03 -3.723730100318789482e-03 -2.007910050451755524e-02 2.913649892434477806e-03 -2.052119933068752289e-03 3.512209979817271233e-03
2.707950072363018990e-03 -2.989809960126876831e-03 -5.679780151695013046e-03 1.106140017509460449e-02 -5.266980151645839214e-04 -4.043260123580694199e-03 4.295980092138051987e-03
-1.031230017542839050e-02 -7.747759809717535973e-04 1.840029959566891193e-03 -6.829610094428062439e-03 -3.030510060489177704e-02 -1.055160028045065701e-04 -1.068179961293935776e-02
-1.846509985625743866e-03 -4.817219916731119156e-03 -5.864830221980810165e-03 1.070679980330169201e-03 -7.423449773341417313e-03 -5.461399909108877182e-03 -6.819710135459899902e-03
1.136669982224702835e-02 1.034120004624128342e-02 1.240899972617626190e-02 2.695550024509429932e-02 2.058479934930801392e-02 1.085700001567602158e-02 2.309240028262138367e-02
8.967270143330097198e-03 1.815989986062049866e-02 6.083880085498094559e-03 2.016789949266240001e-04 1.703589968383312225e-02 1.439670007675886154e-02 1.187220029532909393e-02
3.085009939968585968e-02 8.694659918546676636e-03 9.980239905416965485e-03 -6.272550206631422043e-03 1.945029944181442261e-02 1.293819956481456757e-02 9.869789937511086464e-04
1.520729996263980865e-02 1.258349977433681488e-02 1.613220013678073883e-02 5.188319832086563110e-03 1.916920021176338196e-02 1.451249979436397552e-02 1.581330038607120514e-02
6.837440188974142075e-03 -3.579230047762393951e-03 8.319559856317937374e-04 -7.902829907834529877e-03 7.274060044437646866e-03 -4.210000042803585529e-05 -3.349999897181987762e-03
7.325970218516886234e-04 1.968309981748461723e-03 6.621450185775756836e-03 -3.889529965817928314e-03 0.000000000000000000e+00 3.920400049537420273e-03 2.228030003607273102e-03
-1.987989991903305054e-02 -1.159579958766698837e-02 -1.885020057670772076e-03 -3.422900103032588959e-03 -2.328269928693771362e-02 -5.062889773398637772e-03 -2.388699911534786224e-03
4.370110109448432922e-03 -1.447399961762130260e-03 6.060509942471981049e-03 1.689580082893371582e-02 8.779879659414291382e-03 7.070269901305437088e-03 8.773869834840297699e-03
3.915150184184312820e-03 2.892750082537531853e-03 2.146840095520019531e-03 2.815180085599422455e-02 -5.343310069292783737e-03 -1.128409989178180695e-03 4.165550228208303452e-03
4.840000110561959445e-05 3.308739978820085526e-03 8.189319632947444916e-03 7.991909980773925781e-03 1.140640024095773697e-02 5.687320139259099960e-03 5.150130018591880798e-03
2.462800033390522003e-02 3.141139820218086243e-02 1.798520050942897797e-02 -2.584449946880340576e-02 -6.910010124556720257e-04 2.010379917919635773e-02 -1.340140029788017273e-02
1.108840014785528183e-02 7.605620194226503372e-03 5.987210199236869812e-03 3.905019955709576607e-03 3.426709910854697227e-03 6.186800077557563782e-03 7.507329806685447693e-03
6.124940118752419949e-04 -1.239779964089393616e-02 2.132449997588992119e-03 0.000000000000000000e+00 -1.002290006726980209e-02 1.830469991546124220e-04 -2.474850043654441833e-03
1.058739982545375824e-02 -1.216940023005008698e-02 -9.651020169258117676e-03 -6.428970023989677429e-03 9.861730039119720459e-03 -1.052699983119964600e-02 -5.011610221117734909e-03
-1.269389991648495197e-03 3.553119895514100790e-04 -3.794650081545114517e-03 1.719499938189983368e-02 2.048519905656576157e-03 -1.961079891771078110e-03 -6.400489946827292442e-04
2.919949963688850403e-02 3.022849932312965393e-02 2.535030059516429901e-02 8.029760210774838924e-04 4.840720072388648987e-02 2.703749947249889374e-02 2.743520028889179230e-02
5.804790183901786804e-03 8.885229937732219696e-03 4.296499770134687424e-03 1.161599997431039810e-02 -3.136079991236329079e-03 5.994460079818964005e-03 1.175339985638856888e-02
-1.383449975401163101e-02 -1.755779981613159180e-02 -2.112849988043308258e-02 3.842439968138933182e-03 -3.606859967112541199e-02 -1.919990032911300659e-02 -1.302670035511255264e-02
-3.531540185213088989e-02 -1.967339962720870972e-02 -9.922820143401622772e-03 -5.437890067696571350e-03 -1.255430001765489578e-02 -1.215959992259740829e-02 9.677870199084281921e-03
-9.877770207822322845e-03 1.228090003132820129e-02 8.283220231533050537e-03 -2.098339982330799103e-02 -2.839910099282860756e-03 1.007250044494867325e-02 -6.314760074019432068e-03
6.836640089750289917e-02 2.610909938812255859e-02 2.819689922034740448e-02 0.000000000000000000e+00 5.729009956121444702e-02 2.837939932942390442e-02 4.412160068750381470e-02
4.033369943499565125e-03 -1.363630057312548161e-03 -4.139319993555545807e-03 9.518239647150039673e-03 -1.344159943982958794e-03 -3.856759984046220779e-03 -2.285130089148879051e-03
1.091619953513145447e-02 -6.183399818837642670e-03 -8.121109567582607269e-03 1.798650017008185387e-03 1.093969959765672684e-02 -8.124870248138904572e-03 7.236290257424116135e-04
-2.384649962186813354e-02 -2.539959922432899475e-02 -2.207770012319087982e-02 1.470640022307634354e-02 7.860000187065452337e-05 -1.826139912009239197e-02 -6.150130182504653931e-03
9.368670172989368439e-03 7.116449996829032898e-03 1.792480051517486572e-02 2.722300030291080475e-02 3.029349958524107933e-03 1.223280001431703568e-02 7.505100220441818237e-03
2.423570025712251663e-03 4.307230003178119659e-03 4.502499941736459732e-03 1.595490053296089172e-02 -8.331839926540851593e-03 5.499700084328651428e-03 2.312680007889866829e-03
-1.712250057607889175e-03 8.950859773904085159e-04 -4.439080134034156799e-03 7.293929811567068100e-03 -1.281329989433288574e-02 -3.674890031106770039e-04 -2.109319902956485748e-03
-4.031700082123279572e-03 -4.043910186737775803e-03 1.764460001140832901e-03 4.426510073244571686e-03 4.507310222834348679e-03 -2.087610046146437526e-04 4.725269973278045654e-03
-6.946070119738578796e-03 -4.580889828503131866e-03 -8.609930053353309631e-03 2.664240077137947083e-02 2.007760107517242432e-03 -4.554760176688432693e-03 7.724169990979135036e-04
-4.679310135543346405e-03 2.193419961258769035e-03 3.894380060955882072e-03 0.000000000000000000e+00 3.119019977748394012e-02 1.269800029695034027e-02 2.852449938654899597e-02
2.261240035295486450e-03 -9.945959784090518951e-03 -1.020320039242506027e-02 -1.279199961572885513e-02 0.000000000000000000e+00 -1.290010008960962296e-02 -3.179650055244565010e-03
-1.694620028138160706e-02 -1.445479970425367355e-02 -1.523569971323013306e-02 4.674580122809857130e-04 -1.894759945571422577e-02 -1.780069991946220398e-02 -6.716710049659013748e-03
8.375840261578559875e-03 7.782170083373785019e-03 5.607869825325906277e-04 -1.403279975056648254e-02 -2.805330092087388039e-03 6.532690022140741348e-03 -9.827669709920883179e-03
3.992110118269920349e-02 1.070360001176595688e-02 4.942019935697317123e-03 -2.440980076789855957e-02 8.902399800717830658e-03 9.801190346479415894e-03 5.419469904154539108e-03
2.880099928006529808e-03 3.127020085230469704e-03 2.353789983317255974e-03 1.069479994475841522e-02 -2.266179956495761871e-02 2.761150011792778969e-03 -3.184929955750703812e-03
-1.731429994106292725e-02 3.047730075195431709e-03 -4.849450197070837021e-03 5.857149953953921795e-04 1.760130003094673157e-02 -3.169869887642562389e-04 1.132510043680667877e-02
7.145389914512634277e-03 4.959709942340850830e-03 5.142219830304384232e-03 0.000000000000000000e+00 4.984519910067319870e-03 6.135260220617055893e-03 2.049149945378303528e-03
1.204470027005299926e-04 2.619999941089190543e-05 1.326829951722174883e-04 -6.156070157885551453e-03 6.588169839233160019e-03 -6.903290050104260445e-04 3.266440005972981453e-03
9.673509746789932251e-03 2.039290033280849457e-03 5.216749850660562515e-03 -1.491640042513608932e-02 -4.745920188724994659e-03 3.122240072116255760e-03 -6.394629832357168198e-03
-1.689960062503814697e-02 -2.782380022108554840e-02 -2.788960002362728119e-02 -8.650800213217735291e-03 -2.285660058259963989e-02 -2.086899988353252411e-02 -1.703190058469772339e-02
-7.133299950510263443e-04 2.190300030633807182e-03 3.413310041651129723e-04 -2.417689887806773186e-03 -4.995480179786682129e-03 4.846930096391588449e-04 1.657749962760135531e-04
-1.290270034223794937e-02 3.828450106084346771e-03 1.450659986585378647e-02 -2.328400034457445145e-03 2.171550004277378321e-04 9.445340372622013092e-03 8.880119770765304565e-03
7.357430178672075272e-03 8.340000204043462873e-05 -3.625479992479085922e-03 -8.603669703006744385e-03 3.091889899224042892e-03 -7.612389745190739632e-04 2.376199990976601839e-04
-3.333820030093193054e-03 -6.736539769917726517e-03 -5.012829788029193878e-03 3.264900064095854759e-03 4.610890056937932968e-03 -4.051819909363985062e-03 -7.438230095431208611e-04
-1.351679954677820206e-02 -1.487089972943067551e-02 -1.402499992400407791e-02 -1.324560027569532394e-02 -2.845470095053315163e-03 -1.562159974128007889e-02 -5.447910167276859283e-03
3.391359932720661163e-03 -1.172630023211240768e-02 -4.659990081563591957e-04 -4.006129875779151917e-02 2.828319929540157318e-02 -5.560960154980421066e-03 -1.942379958927631378e-02
-9.508170187473297119e-04 -2.764340024441480637e-03 -6.790310144424438477e-03 -1.463400013744831085e-02 -4.351059906184673309e-03 -3.303099889308214188e-03 -3.342259908095002174e-03
-3.288849815726280212e-02 -8.459010161459445953e-03 -1.526029966771602631e-02 0.000000000000000000e+00 -2.337870001792907715e-02 -1.770650036633014679e-02 -1.355409994721412659e-02
7.896759547293186188e-03 0.000000000000000000e+00 6.160379853099584579e-03 3.700769972056150436e-03 2.162530086934566498e-03 0.000000000000000000e+00 1.229190034791827202e-03
-2.062639966607093811e-02 2.628020010888576508e-03 -1.050330046564340591e-02 3.266249969601631165e-02 -2.295280061662197113e-02 -3.923899959772825241e-03 2.296050079166889191e-03
1.645069941878318787e-02 6.505549885332584381e-03 8.843979798257350922e-03 9.451650083065032959e-03 2.654420025646686554e-02 8.337549865245819092e-03 5.080759990960359573e-03
-1.897910051047801971e-02 -3.172989934682846069e-02 -3.193809837102890015e-02 -1.499240007251501083e-02 -2.146730013191699982e-02 -3.545830026268959045e-02 -1.104949973523616791e-02
-1.274089980870485306e-02 -2.472300082445144653e-02 -1.083740033209323883e-02 5.798290017992258072e-03 -1.898970082402229309e-02 -1.344370003789663315e-02 -6.116569973528385162e-03
2.226359955966472626e-02 2.501999959349632263e-02 1.884480006992816925e-02 -6.264979951083660126e-03 1.952069997787475586e-02 2.151090092957019806e-02 6.188630126416683197e-03
-1.678770035505294800e-02 -1.499930047430098057e-03 -1.154780015349388123e-02 0.000000000000000000e+00 -6.612179800868034363e-03 -6.068729795515537262e-03 4.164699930697679520e-03
3.534910036250948906e-03 -2.159960102289915085e-03 -2.121730009093880653e-03 2.309319935739040375e-02 6.111990194767713547e-03 -3.291130065917968750e-03 3.323189914226531982e-03
1.509530004113912582e-02 1.356669981032609940e-02 1.692060008645057678e-02 -2.494249958544969559e-03 1.627779938280582428e-02 1.451080013066530228e-02 6.771130021661520004e-03
-8.131019771099090576e-03 -1.509939972311258316e-02 -6.299720145761966705e-03 1.845219987444579601e-03 -7.569469977170228958e-03 -9.167470037937164307e-03 -6.199240218847990036e-03
2.892970107495784760e-03 -1.803549937903881073e-02 -1.537260040640830994e-02 -2.928630076348781586e-02 -1.848560012876987457e-02 -2.100500091910362244e-02 -2.728999964892864227e-02
-5.959339905530214310e-03 1.960700005292892456e-02 1.142979972064495087e-02 -1.041369978338479996e-02 -6.113450042903423309e-03 1.590150035917758942e-02 1.733400044031441212e-03
2.064340002834796906e-02 2.141759963706135750e-03 -1.359959971159696579e-02 2.894239965826272964e-03 1.584409922361373901e-02 -4.204779863357543945e-03 6.012510042637586594e-03
0.000000000000000000e+00 2.836189931258559227e-03 0.000000000000000000e+00 -5.838669836521148682e-03 -1.931389980018138885e-02 -2.435160102322697639e-03 -1.588219963014125824e-02
-1.209689956158399582e-02 2.434629946947097778e-03 2.890900010243058205e-03 3.075789893046021461e-03 1.410510041750967503e-03 2.569480100646615028e-03 6.764499936252832413e-03
1.029840018600225449e-02 2.294509904459118843e-03 7.177390158176422119e-03 -2.677349932491779327e-02 1.563340052962303162e-02 4.393539857119321823e-03 -1.130499970167875290e-02
-6.979269906878471375e-03 -3.121200134046375751e-04 -6.497120019048452377e-03 1.660870015621185303e-02 -3.415870014578104019e-03 -2.200779970735311508e-03 -4.004499875009059906e-03
5.149440257810056210e-04 6.811290048062801361e-03 6.598290055990219116e-03 -2.573329955339431763e-03 -3.081579925492405891e-03 8.135220035910606384e-03 1.068520010448992252e-03
0.000000000000000000e+00 -4.726719926111400127e-04 -2.997099887579679489e-03 -1.791960000991821289e-02 -1.225159969180822372e-02 -5.464890040457248688e-03 -1.429689954966306686e-02
-5.426200106739997864e-02 -1.154990028589963913e-02 -9.351300075650215149e-03 3.238919889554381371e-03 -1.315100025385618210e-02 -1.204519998282194138e-02 -4.029000177979469299e-03
2.178350090980529785e-02 2.317770011723041534e-02 2.611099928617477417e-02 3.455169964581727982e-03 1.473210006952285767e-02 2.519479952752590179e-02 1.574919931590557098e-02
1.352389995008707047e-02 2.413279935717582703e-02 1.962940022349357605e-02 -1.016980037093162537e-02 0.000000000000000000e+00 2.044869959354400635e-02 7.984960451722145081e-03
2.551439963281154633e-02 -1.169999995909165591e-05 -2.326800022274255753e-03 -1.124420017004013062e-02 1.766300015151500702e-02 5.557760014198720455e-04 3.444300033152103424e-03
-5.344090168364346027e-04 5.401589907705783844e-03 2.785549964755773544e-03 7.343450095504522324e-03 -3.028969978913664818e-03 2.757220063358545303e-03 -4.710120148956775665e-03
-1.295770052820444107e-03 -8.292369544506072998e-03 -1.837179996073246002e-02 -1.141170039772987366e-02 -7.105030119419097900e-03 -1.008789986371994019e-02 -1.044199988245964050e-02
2.322250045835971832e-02 8.138219825923442841e-03 3.013469977304339409e-03 8.134469971992075443e-04 1.420610025525093079e-02 6.593919824808835983e-03 7.188410032540559769e-03
-1.647950033657252789e-03 8.798930211924016476e-04 -3.402830101549625397e-03 -6.833110237494111061e-04 -8.870970457792282104e-03 7.760000153211876750e-05 -5.292130168527364731e-03
2.993660047650337219e-02 2.387320064008235931e-02 2.237829938530921936e-02 -2.473179996013641357e-02 4.890000075101852417e-02 2.134509943425655365e-02 2.734800055623054504e-02
1.303519960492849350e-02 5.075349938124418259e-03 -2.593990042805671692e-02 -3.325900062918663025e-02 -6.104779895395040512e-03 8.634210098534822464e-04 -7.586869876831769943e-03
-5.508389789611101151e-03 3.604769939556717873e-03 7.576090283691883087e-04 3.787090070545673370e-03 -6.854690145701169968e-03 -1.846030063461512327e-04 -2.800229995045810938e-04
9.580319747328758240e-03 8.543980307877063751e-03 -2.867460018023848534e-03 -9.794740471988916397e-04 7.757470011711120605e-03 7.125860080122947693e-03 8.309650234878063202e-03
3.729220014065504074e-03 -3.885240061208605766e-03 -1.084950054064393044e-03 -1.053209975361824036e-02 2.569099888205528259e-03 -6.170570268295705318e-04 -4.067469853907823563e-03
-1.908150006784126163e-04 0.000000000000000000e+00 -1.197899971157312393e-02 1.640409976243972778e-02 9.435179643332958221e-03 -6.157860159873962402e-03 2.789390040561556816e-03
-1.011049957014620304e-03 -1.434499956667423248e-02 -7.553350180387496948e-03 9.944239631295204163e-03 5.403350107371807098e-03 -1.008819974958896637e-02 -1.053689979016780853e-02
5.492240190505981445e-03 4.203530028462409973e-03 7.100970018655061722e-03 1.124089956283569336e-02 1.807709969580173492e-02 4.727189894765615463e-03 3.930880222469568253e-03
-8.367249742150306702e-03 -8.055180311203002930e-03 -9.023889899253845215e-03 1.227770000696182251e-02 -5.058839917182922363e-03 -6.639380007982254028e-03 4.191929940134286880e-03
1.784070022404193878e-02 1.945239957422018051e-03 4.849669989198446274e-03 -7.847649976611137390e-03 2.148200012743473053e-02 2.932290080934762955e-03 2.296289894729852676e-03
-3.368109837174415588e-02 -2.025590091943740845e-02 -2.477350085973739624e-02 1.772320084273815155e-02 -1.475020032376050949e-02 -2.310859970748424530e-02 4.086970002390444279e-04
-6.722050020471215248e-04 8.793509565293788910e-03 8.058570325374603271e-03 1.797739975154399872e-02 -1.046380028128623962e-02 7.364939898252487183e-03 4.954259842634201050e-03
-3.403250128030776978e-02 -4.738340154290199280e-02 -5.094520002603530884e-02 2.912349998950958252e-03 -4.030159860849380493e-02 -4.522019997239112854e-02 -8.676650002598762512e-03
1.630870043300092220e-03 5.596369970589876175e-03 8.571029640734195709e-03 -2.505940012633800507e-02 1.395929977297782898e-02 4.239759873598814011e-03 1.425359956920146942e-02
4.376819822937250137e-03 1.241409964859485626e-02 9.313509799540042877e-03 5.989179946482181549e-03 8.934389799833297729e-03 1.057509984821081161e-02 4.343660082668066025e-03
-8.568000048398971558e-03 -1.718029938638210297e-02 -8.765039965510368347e-03 7.591019850224256516e-03 -7.212880067527294159e-03 -8.324869908392429352e-03 -1.426890026777982712e-03
1.623320020735263824e-02 3.931909799575805664e-03 7.090000144671648741e-05 -1.116930041462182999e-02 2.412780001759529114e-02 -4.139089956879615784e-03 2.072510076686739922e-03
-8.902849629521369934e-03 9.251669980585575104e-03 6.185260135680437088e-03 -1.052240002900362015e-02 6.194630172103643417e-03 6.990159861743450165e-03 -3.809530055150389671e-03
-6.882959976792335510e-03 3.781300038099288940e-02 4.913129843771457672e-03 3.328869864344596863e-02 -4.245049785822629929e-03 1.755589991807937622e-02 2.340530045330524445e-02
-1.645719981752336025e-03 -1.448430004529654980e-03 2.103579929098486900e-03 -6.524899974465370178e-03 2.190469967899844050e-04 8.880000095814466476e-04 -2.079370024148374796e-04
-1.217660028487443924e-02 -1.494290027767419815e-02 -6.937180180102586746e-03 -4.661600105464458466e-03 -1.614540070295333862e-02 -1.145409978926181793e-02 -1.826139981858432293e-03
-1.016439963132143021e-02 2.263890113681554794e-03 5.492769996635615826e-04 -1.984200067818164825e-02 -1.695539988577365875e-02 2.201929921284317970e-03 -6.962180137634277344e-03
1.211849972605705261e-02 1.556100044399499893e-02 1.400279998779296875e-02 -3.811890026554465294e-03 1.313630025833845139e-02 1.423189975321292877e-02 4.805849865078926086e-03
1.526189967989921570e-02 1.857520081102848053e-02 1.992779970169067383e-02 -1.140139997005462646e-03 1.146520022302865982e-02 1.880850084125995636e-02 3.910509869456291199e-03
-5.640579853206872940e-03 3.165170084685087204e-03 9.295820258557796478e-03 1.313550025224685669e-02 -1.121830008924007416e-02 7.141899783164262772e-03 1.624169992282986641e-03
3.110809950157999992e-03 -2.721820026636123657e-03 4.028019960969686508e-03 2.534609986469149590e-03 2.780060051009058952e-03 1.315820030868053436e-03 8.066739886999130249e-03
-4.029950127005577087e-03 -1.167900022119283676e-02 -7.603310048580169678e-03 -4.069250135216861963e-04 0.000000000000000000e+00 -1.095109991729259491e-02 -3.456889884546399117e-03
3.620699979364871979e-03 1.260770019143819809e-02 8.426009677350521088e-03 0.000000000000000000e+00 1.485120039433240891e-03 7.908740080893039703e-03 1.526130014099180698e-03
1.088930014520883560e-02 1.500159967690706253e-02 1.416449993848800659e-02 1.742950081825256348e-02 1.194840017706155777e-02 1.419890020042657852e-02 1.329660043120384216e-02
2.144640078768134117e-03 5.038870032876729965e-03 1.844540005549788475e-03 -2.714060014113783836e-03 7.188559975475072861e-04 2.497150097042322159e-03 6.881189998239278793e-03
-1.007429976016283035e-02 6.963459774851799011e-03 3.308309940621256828e-03 -1.221270021051168442e-02 -9.858430363237857819e-03 -1.779440062819048762e-04 -5.558359902352094650e-03
-7.714480161666870117e-03 2.214679960161447525e-03 9.040310047566890717e-03 6.882680114358663559e-03 -1.454909984022378922e-02 8.409559726715087891e-03 -7.553760078735649586e-04
-4.489919915795326233e-02 -4.792239889502525330e-02 -4.513119906187057495e-02 -2.094789966940879822e-02 -4.451600089669227600e-02 -4.642060026526451111e-02 -3.637469932436943054e-02
1.737640006467700005e-03 -2.742060087621212006e-02 -7.609829772263765335e-03 0.000000000000000000e+00 -8.482229895889759064e-03 -1.409220043569803238e-02 -1.477270014584064484e-02
-2.083159983158111572e-03 -1.492329966276884079e-02 -1.218339987099170685e-02 -9.543539956212043762e-03 4.942549858242273331e-03 -1.405009999871253967e-02 -6.927660200744867325e-03
5.812940187752246857e-03 -2.266260096803307533e-03 -3.994469996541738510e-03 -2.142240060493350029e-03 -4.093769937753677368e-03 -5.558319855481386185e-03 -3.679220099002122879e-03
4.291269870009273291e-04 7.127579767256975174e-03 8.913310244679450989e-03 3.057389985769987106e-03 -2.038100035861134529e-03 8.006660267710685730e-03 3.712000092491507530e-03
-5.683539900928735733e-03 -3.086539916694164276e-03 -4.493420012295246124e-03 1.378490030765533447e-02 9.050359949469566345e-03 -4.653910174965858459e-03 5.533580202609300613e-03
0.000000000000000000e+00 0.000000000000000000e+00 -2.465569972991943359e-02 -1.359620038419961929e-02 -4.882960021495819092e-02 -3.093500062823295593e-02 -3.832279890775680542e-02
-1.625799946486949921e-02 -1.772769913077354431e-02 -1.400320045650005341e-02 -1.533909980207681656e-02 -1.576370000839233398e-02 -1.511290017515420914e-02 -1.259110029786825180e-02
5.301939789205789566e-03 1.248960010707378387e-02 8.436270058155059814e-03 2.309829927980899811e-02 -6.404260173439979553e-03 9.810590185225009918e-03 1.683220081031322479e-02
-1.306410040706396103e-02 1.172680035233497620e-02 3.122580004855990410e-03 -3.293100045993924141e-03 7.717640139162540436e-03 7.028350140899419785e-03 9.847270324826240540e-03
-1.552150060888379812e-04 3.004620084539055824e-03 -3.325579920783638954e-03 2.669350057840347290e-02 -3.255619900301098824e-03 -7.339999865507707000e-05 3.616269910708069801e-03
6.171869859099388123e-02 5.145610123872756958e-02 4.762800037860870361e-02 -4.391490016132593155e-03 5.439810082316398621e-02 5.045929923653602600e-02 2.490999922156333923e-02
1.282140030525624752e-03 5.256790202111005783e-03 3.049999941140413284e-03 -6.752559915184974670e-03 -3.248459892347455025e-03 2.465090015903115273e-03 2.606370020657777786e-03
-2.591140102595090866e-03 -4.658630117774009705e-03 -1.632619998417794704e-03 6.677490193396806717e-03 0.000000000000000000e+00 -3.723290050402283669e-03 6.145259831100702286e-03
-3.278269898146390915e-03 1.805469975806772709e-03 1.286130049265921116e-03 -6.490260129794478416e-04 5.871810019016265869e-03 -5.378309870138764381e-04 -1.537399948574602604e-03
-3.163579851388931274e-02 -2.478409931063652039e-02 -2.190149948000907898e-02 -4.657940007746219635e-03 -4.846689850091934204e-02 -2.751870080828666687e-02 -1.977409981191158295e-02
2.977410098537802696e-03 4.234369844198226929e-03 2.073619980365037918e-03 1.438739988952875137e-02 1.687980024144053459e-03 3.589899977669119835e-03 9.279400110244750977e-03
9.684730321168899536e-03 7.003609789535403252e-04 -2.337409928441047668e-02 3.441409906372427940e-03 1.486520003527402878e-02 -1.356589980423450470e-02 4.311520140618085861e-03
-1.088219974189996719e-02 -1.903329975903034210e-02 -7.814819924533367157e-03 6.799549795687198639e-03 -1.186070032417774200e-02 -1.111469976603984833e-02 -2.056449884548783302e-03
1.476550009101629257e-02 7.461260072886943817e-03 7.110789883881807327e-03 -5.913539789617061615e-03 1.937879994511604309e-02 8.032900281250476837e-03 1.991939963772892952e-03
-2.471450017765164375e-03 -5.671259947121143341e-03 -2.200680086389183998e-03 1.436460018157958984e-02 1.334180030971765518e-02 -3.357900073751807213e-03 4.031370044685900211e-04
2.653129957616329193e-02 1.724120043218135834e-02 3.061299957334995270e-02 -2.215049928054213524e-03 4.111419990658760071e-02 1.973270066082477570e-02 2.291510067880153656e-02
8.498590439558029175e-03 -3.468520008027553558e-03 -4.306090064346790314e-03 -6.423019804060459137e-03 5.778959952294826508e-03 -1.465899986214935780e-03 8.117159828543663025e-03
-9.793189819902181625e-04 -2.633470110595226288e-03 -2.257080050185322762e-03 -1.635929942131042480e-02 -1.283309981226921082e-02 -4.118199925869703293e-03 -2.245019888505339622e-03
2.304069930687546730e-03 2.925360109657049179e-03 -9.451800142414867878e-04 -2.855909988284111023e-02 6.424420047551393509e-03 -3.970869875047355890e-04 -1.467659976333379745e-02
1.167250011349096894e-04 -6.339909974485635757e-03 -5.342919845134019852e-03 1.346939988434314728e-02 5.990279838442802429e-03 -4.106480162590742111e-03 -1.999210100620985031e-03
-3.323379904031753540e-03 -1.266269944608211517e-03 1.789720030501484871e-03 -1.459660008549690247e-02 -3.002239950001239777e-02 5.503590218722820282e-04 -1.485959999263286591e-02
-6.608359981328248978e-03 -8.091770112514495850e-03 -1.287099998444318771e-02 0.000000000000000000e+00 6.934650009498000145e-04 -1.365439966320991516e-02 -1.338419970124959946e-02
2.549000084400177002e-02 4.001969844102859497e-02 1.978980004787445068e-02 1.617199927568435669e-02 2.392300032079219818e-02 2.298850007355213165e-02 2.997829951345920563e-02
-3.827509935945272446e-04 4.269510041922330856e-03 6.171029992401599884e-03 5.460139829665422440e-03 2.961819991469383240e-03 6.393210031092166901e-03 1.028230041265487671e-02
2.855220111086964607e-03 -7.365819998085498810e-03 -1.058479957282543182e-02 -1.941090077161788940e-02 1.377770025283098221e-02 -7.953519932925701141e-03 -2.310730051249265671e-03
-5.036859959363937378e-02 -3.517010062932968140e-02 -2.218220010399818420e-02 -2.901670057326555252e-03 -2.143960073590278625e-02 -2.438779920339584351e-02 -2.139100106433033943e-03
-5.458890227600932121e-04 1.038210000842809677e-02 9.295140393078327179e-03 3.293880075216293335e-02 7.965089753270149231e-04 1.050059963017702103e-02 1.606559939682483673e-02
-2.174719981849193573e-02 -9.608689695596694946e-03 -5.979159846901893616e-03 2.028089947998523712e-03 -8.205420337617397308e-03 -1.183460000902414322e-02 -5.579359829425811768e-03
-7.496629841625690460e-03 8.152729831635951996e-03 7.361779920756816864e-03 4.937880206853151321e-03 -3.841979894787073135e-03 5.656769964843988419e-03 3.668970020953565836e-04
-3.486430039629340172e-03 1.061210036277770996e-02 7.238539867103099823e-03 2.069710008800029755e-02 4.766920115798711777e-03 9.563580155372619629e-03 1.962340064346790314e-02
6.851090001873672009e-04 -3.182309912517666817e-03 -2.755800029262900352e-03 -8.090839721262454987e-03 2.517580054700374603e-03 -3.337410045787692070e-03 -3.799370024353265762e-03
1.905290037393569946e-02 6.716640200465917587e-03 3.459230065345764160e-03 -1.297140028327703476e-02 1.402970030903816223e-02 6.450039800256490707e-03 2.363580046221613884e-03
-2.726319991052150726e-02 -2.640599943697452545e-02 -2.149249985814094543e-02 4.493790213018655777e-03 -3.327409923076629639e-02 -2.444300055503845215e-02 -1.067360024899244308e-02
-1.996739953756332397e-02 6.232609972357749939e-03 6.788710132241249084e-03 3.336260095238685608e-02 -9.363150224089622498e-03 3.375000087544322014e-03 -6.654350087046623230e-03
-1.299209985882043839e-02 -4.051600117236375809e-03 1.322480035014450550e-03 -2.675140043720602989e-03 -5.725049879401922226e-03 -1.938920002430677414e-03 5.110119935125112534e-03
5.983680021017789841e-03 6.014190148562192917e-03 8.605109760537743568e-04 -7.213479839265346527e-03 6.797799840569496155e-03 6.814040243625640869e-04 -8.922360138967633247e-04
7.729390170425176620e-03 7.459019776433706284e-03 1.096760015934705734e-02 5.744019872508943081e-04 4.795569926500320435e-03 7.955499924719333649e-03 4.655160009860992432e-04
7.786740083247423172e-03 8.455339819192886353e-03 1.286560017615556717e-02 4.162449855357408524e-03 1.891960017383098602e-02 1.134070008993148804e-02 8.772639557719230652e-03
8.026029914617538452e-03 1.638289913535118103e-02 9.694639593362808228e-03 -7.418799796141684055e-04 3.178830025717616081e-03 1.206449978053569794e-02 8.942999877035617828e-03
-2.858329936861991882e-02 -2.125109918415546417e-02 -2.470559999346733093e-02 -2.740580029785633087e-02 -2.154760062694549561e-02 -2.491020038723945618e-02 -1.411310024559497833e-02
-4.048530012369155884e-03 9.570519905537366867e-04 7.574270013719797134e-03 -6.852860096842050552e-03 -1.047809980809688568e-02 5.666019860655069351e-03 -1.468459959141910076e-03
-2.455990016460418701e-02 -2.045599929988384247e-02 -1.474540028721094131e-02 -3.151040151715278625e-02 -2.539120055735111237e-02 -1.925330050289630890e-02 -2.977240085601806641e-02
2.500080037862062454e-03 1.336470013484358788e-03 3.330640029162168503e-03 7.372850086539983749e-03 -5.414530169218778610e-03 1.380539964884519577e-03 4.129929933696985245e-03
1.922909985296428204e-03 2.872110111638903618e-03 -7.230659830383956432e-04 5.682799965143203735e-04 5.627919919788837433e-03 5.715740262530744076e-04 6.937869824469089508e-03
-2.917790086939930916e-03 -1.188679970800876617e-02 -5.215439945459365845e-03 -1.187549997121095657e-02 6.155400071293115616e-03 -6.186670158058404922e-03 -4.860190209001302719e-03
-1.329030003398656845e-02 -1.582100056111812592e-02 5.002730176784098148e-04 0.000000000000000000e+00 -2.838009968400001526e-02 -5.234119947999715805e-03 -2.467409940436482430e-03
-1.188080012798309326e-02 -1.004279963672161102e-02 -1.949219964444637299e-02 -1.338170026428997517e-03 -2.290619909763336182e-02 -1.335509959608316422e-02 -9.605109691619873047e-03
7.492200238630175591e-04 2.643720014020800591e-03 -5.351109895855188370e-03 -1.147789997048676014e-03 5.590249784290790558e-03 -3.742420114576816559e-03 -1.475960016250610352e-02
-1.004800014197826385e-02 1.321849995292723179e-03 -3.002929966896772385e-03 9.563020430505275726e-03 2.855079993605613708e-02 3.031929954886436462e-03 1.776440069079399109e-02
-1.542660035192966461e-02 -3.324130177497863770e-02 -2.658089995384216309e-02 -3.144570067524909973e-02 -8.599650114774703979e-03 -3.387499973177909851e-02 -1.472499966621398926e-02
1.591609977185726166e-02 0.000000000000000000e+00 1.601760089397430420e-02 0.000000000000000000e+00 0.000000000000000000e+00 1.677780039608478546e-02 8.399009704589843750e-03
1.182540040463209152e-02 1.699599996209144592e-02 1.832469925284385681e-02 5.125650204718112946e-03 1.373239979147911072e-02 2.025949954986572266e-02 1.000040024518966675e-02
2.102939970791339874e-02 3.411239944398403168e-03 -8.523010183125734329e-04 -2.420379966497421265e-02 1.018809992820024490e-02 1.071110018528997898e-04 -7.276569958776235580e-03
-4.373230040073394775e-02 -4.159440100193023682e-02 -2.521260082721710205e-02 1.925720018334686756e-03 -2.982120029628276825e-02 -3.314509987831115723e-02 -8.357849903404712677e-03
2.025529975071549416e-03 5.720010027289390564e-03 -4.164270125329494476e-03 -8.725799620151519775e-03 1.923050032928586006e-03 -8.511299965903162956e-04 -3.161800093948841095e-03
-1.594959991052746773e-03 -4.561469890177249908e-03 -9.853029623627662659e-03 1.373340003192424774e-02 9.218679741024971008e-03 -8.318020030856132507e-03 -4.415640141814947128e-03
-1.669900026172399521e-03 -5.569839850068092346e-03 -1.124040037393569946e-02 -2.381419949233531952e-02 -5.657239817082881927e-03 -1.137099973857402802e-02 -7.945179939270019531e-03
-1.010040007531642914e-02 1.513809990137815475e-02 2.775009954348206520e-03 1.022120006382465363e-02 2.102030068635940552e-02 7.835910073481500149e-04 6.854489911347627640e-03
1.484049949795007706e-03 4.766180180013179779e-03 3.651380073279142380e-03 -1.341069955378770828e-02 -1.546179968863725662e-02 5.627159960567951202e-03 7.895389571785926819e-03
-5.489429924637079239e-03 -6.601819768548011780e-03 -5.732520017772912979e-03 3.199940081685781479e-03 -8.043380221351981163e-04 -5.941010080277919769e-03 1.154080033302307129e-02
-3.648099955171346664e-03 3.219600068405270576e-03 -3.520820057019591331e-03 1.896090060472488403e-02 2.371540031163021922e-04 -2.618459984660148621e-03 5.034860223531723022e-03
-5.894050002098083496e-03 -4.777709953486919403e-03 -3.170890035107731819e-03 9.311119792982935905e-04 -4.270949866622686386e-03 -3.953150007873773575e-03 3.124780021607875824e-03
2.777910092845559120e-03 -9.395739994943141937e-03 -4.344270098954439163e-03 -1.570009998977184296e-02 -1.073869992978870869e-03 -4.156010225415229797e-03 -6.473660003393888474e-03
3.368669888004660606e-03 -8.161899633705615997e-03 -8.610229939222335815e-03 -1.109759975224733353e-02 1.391540002077817917e-02 -9.357210248708724976e-03 -3.627459984272718430e-03
1.008620020002126694e-03 3.346330020576715469e-03 0.000000000000000000e+00 5.030740052461624146e-03 1.330010034143924713e-02 1.923260046169161797e-03 7.861469872295856476e-03
0.000000000000000000e+00 9.740279987454414368e-03 3.397689899429678917e-03 -8.342330344021320343e-03 7.293120026588439941e-03 5.296240095049142838e-03 2.118630101904273033e-03
-2.123229904100298882e-03 -5.479570245370268822e-04 -4.332480020821094513e-03 1.104720029979944229e-02 6.884019821882247925e-04 -2.137490082532167435e-03 3.128200070932507515e-03
6.032850127667188644e-03 3.705919953063130379e-03 -1.910469960421323776e-03 -2.133909985423088074e-02 4.036140162497758865e-03 7.694520172663033009e-04 1.573989982716739178e-03
3.163430094718933105e-02 -1.413560006767511368e-02 -1.787310000509023666e-03 3.130330145359039307e-02 2.314550057053565979e-02 -5.683709867298603058e-03 2.688690088689327240e-03
6.441940087825059891e-03 -1.227900013327598572e-02 -3.020530100911855698e-03 -2.600900083780288696e-02 2.177719958126544952e-03 -1.182289980351924896e-02 -9.722939692437648773e-03
2.423040103167295456e-03 -1.436759997159242630e-02 -1.327210012823343277e-02 4.210260231047868729e-03 0.000000000000000000e+00 -1.410709973424673080e-02 -7.353039924055337906e-03
-5.329070263542234898e-04 -1.563669927418231964e-02 -1.745430007576942444e-02 -1.513389963656663895e-02 -1.628929935395717621e-02 -1.973930001258850098e-02 -1.909139938652515411e-02
1.396010047756135464e-03 -7.472150027751922607e-03 -4.469959996640682220e-03 1.535930018872022629e-02 0.000000000000000000e+00 -3.360149916261434555e-03 -2.180220093578100204e-03
5.363239906728267670e-03 -9.640050120651721954e-03 7.400000322377309203e-05 -3.880849853157997131e-02 6.261039990931749344e-03 -3.620059927925467491e-03 -8.077319711446762085e-03
2.654070034623146057e-02 2.930589951574802399e-02 1.478760037571191788e-02 1.584560051560401917e-02 3.928250074386596680e-02 1.912670023739337921e-02 3.233810141682624817e-02
1.953280007001012564e-04 -9.043440222740173340e-03 -7.327800150960683823e-03 -8.649770170450210571e-03 4.266390111297369003e-03 -7.468460127711296082e-03 3.408489865250885487e-04
-1.187869999557733536e-02 1.664430019445717335e-03 -3.151889890432357788e-03 -1.395389996469020844e-02 -1.169820036739110947e-02 -2.616900019347667694e-03 -1.137730013579130173e-02
1.756550045683979988e-03 -1.767360046505928040e-02 -6.141449790447950363e-03 0.000000000000000000e+00 3.572019981220364571e-03 -1.222020015120506287e-02 -4.827139899134635925e-03
-1.299110008403658867e-03 9.581290069036185741e-04 4.341939929872751236e-03 -1.090159988962113857e-03 -3.072110004723072052e-03 -1.845850056270137429e-04 2.951209899038076401e-03
1.361239980906248093e-02 2.665100060403347015e-02 2.237780019640922546e-02 1.787640037946403027e-03 4.830460064113140106e-03 2.352309972047805786e-02 1.307620014995336533e-02
-2.173700049752369523e-04 2.775880042463541031e-03 1.476490055210888386e-03 8.060289546847343445e-03 -7.814669981598854065e-03 1.601950032636523247e-03 2.820000008796341717e-05
-2.405549958348274231e-02 -3.601089864969253540e-02 -2.646140009164810181e-02 -9.531440213322639465e-03 -2.886779978871345520e-02 -2.660769969224929810e-02 -2.110929973423480988e-02
0.000000000000000000e+00 1.459420006722211838e-02 1.471459958702325821e-02 2.090029884129762650e-03 0.000000000000000000e+00 1.261870004236698151e-02 5.947339814156293869e-03
-2.052469924092292786e-02 -1.319190021604299545e-02 -6.722840014845132828e-03 -1.084379968233406544e-03 -1.614310033619403839e-02 -1.319210045039653778e-02 -6.730860099196434021e-03
4.366590175777673721e-03 -1.006400026381015778e-02 -9.972630068659782410e-03 1.393410004675388336e-02 -5.721580237150192261e-04 -1.057100016623735428e-02 -2.221209928393363953e-03
-3.522159997373819351e-03 2.274129912257194519e-02 2.896090038120746613e-02 1.766120083630084991e-02 -1.051259972155094147e-02 2.667769975960254669e-02 1.025389973074197769e-02
1.145919971168041229e-02 1.208749972283840179e-02 9.693199768662452698e-03 -1.431579980999231339e-02 1.472220011055469513e-02 1.051250007003545761e-02 -6.397760007530450821e-03
4.494019784033298492e-03 5.825980100780725479e-03 7.634200155735015869e-03 4.251929931342601776e-03 8.873569779098033905e-03 5.382189992815256119e-03 4.211630206555128098e-03
-9.556580334901809692e-03 -1.712919957935810089e-02 -1.176290027797222137e-02 0.000000000000000000e+00 -7.466310169547796249e-03 -1.417929958552122116e-02 -1.015300024300813675e-02
-8.067419752478599548e-03 -1.249540038406848907e-02 -6.619509775191545486e-03 -2.466829959303140640e-03 2.218839945271611214e-03 -8.419220335781574249e-03 4.925460088998079300e-03
3.557239891961216927e-03 2.553000114858150482e-03 6.533199921250343323e-03 1.892529986798763275e-02 2.239429950714111328e-02 7.488030008971691132e-03 9.237020276486873627e-03
1.530119962990283966e-02 -1.366890035569667816e-02 -6.520010065287351608e-03 1.336149987764656544e-03 2.382949925959110260e-02 -9.320089593529701233e-03 8.582890033721923828e-03
-3.064309945330023766e-03 5.402680020779371262e-03 7.756569888442754745e-03 1.670650020241737366e-02 -2.901030005887150764e-03 5.445150192826986313e-03 5.761580076068639755e-03
4.868320189416408539e-03 -4.549109842628240585e-03 -1.132040005177259445e-02 -7.114650215953588486e-03 -6.952870171517133713e-03 -1.012749969959259033e-02 -7.275360170751810074e-03
9.105380158871412277e-04 -2.831369929481297731e-04 5.173599813133478165e-03 2.220209920778870583e-03 -5.556010175496339798e-03 2.944849897176027298e-03 2.970899920910596848e-03
2.530189929530024529e-03 0.000000000000000000e+00 1.329540042206645012e-03 5.374679807573556900e-03 9.898370131850242615e-03 0.000000000000000000e+00 5.386000033468008041e-03
1.739370077848434448e-02 2.417550049722194672e-02 1.959680020809173584e-02 -1.623890013433992863e-03 2.376930043101310730e-02 1.986959949135780334e-02 1.642660051584243774e-02
-1.377279986627399921e-03 -1.315199956297874451e-02 -4.689889959990978241e-03 -2.884329995140433311e-03 9.986880468204617500e-04 -9.845710359513759613e-03 -6.708680186420679092e-03
-1.030439976602792740e-02 -1.676449924707412720e-02 -1.663259975612163544e-02 -2.671849913895130157e-03 -1.149449963122606277e-02 -1.521450001746416092e-02 -6.006919778883457184e-03
-2.567369956523180008e-03 -2.959300065413117409e-03 -4.705389961600303650e-03 0.000000000000000000e+00 -6.931140087544918060e-03 -2.636230085045099258e-03 7.919609779492020607e-04
6.350000330712646246e-05 2.160769887268543243e-03 -1.059409976005554199e-02 -1.650509983301162720e-02 8.343979716300964355e-03 -6.165910046547651291e-03 -3.294979920610785484e-03
-2.609849907457828522e-03 -1.473420020192861557e-02 -1.257300004363059998e-02 -1.387789961881935596e-04 -1.412570010870695114e-03 -9.714289568364620209e-03 3.495319979265332222e-03
-1.429769955575466156e-02 1.456480007618665695e-02 8.477030321955680847e-03 6.719279917888343334e-04 -3.274159878492355347e-02 1.374000031501054764e-02 -2.419060096144676208e-03
2.296070102602243423e-03 1.974269980564713478e-03 8.167429827153682709e-03 1.519419997930526733e-02 2.533199964091181755e-03 4.134720191359519958e-03 7.803509943187236786e-03
-1.708040013909339905e-02 -1.813540048897266388e-02 -1.742449961602687836e-02 1.313120033591985703e-02 -1.116530038416385651e-02 -1.655939966440200806e-02 1.138749998062849045e-03
-1.379800029098987579e-03 -2.229519933462142944e-02 -2.098169922828674316e-02 8.572099730372428894e-03 -4.671880044043064117e-03 -2.011889964342117310e-02 5.431720055639743805e-04
-2.238979935646057129e-02 -9.027970023453235626e-03 -6.034929770976305008e-03 -2.589830011129379272e-02 -7.547740242443978786e-04 -8.199440315365791321e-03 -1.238460000604391098e-02
2.199519984424114227e-02 2.367240004241466522e-02 1.782679930329322815e-02 2.004249952733516693e-03 2.675399929285049438e-02 1.904789917171001434e-02 1.783999986946582794e-02
1.682879985310137272e-03 2.666610060259699821e-03 0.000000000000000000e+00 -5.037670023739337921e-03 -2.724990015849471092e-03 5.250169895589351654e-03 2.949180081486701965e-03
-8.893200196325778961e-03 3.730280091986060143e-03 2.761570038273930550e-03 -3.338129899930208921e-04 2.798399887979030609e-03 1.612480031326413155e-03 -2.497169887647032738e-03
9.361379779875278473e-03 1.882950030267238617e-02 1.743789948523044586e-02 -2.054250100627541542e-03 1.557299960404634476e-02 1.594889909029006958e-02 1.083070039749145508e-02
-1.756540004862472415e-04 -2.467400045134127140e-04 1.231429981999099255e-03 2.070810087025165558e-02 -3.958609886467456818e-03 1.064670039340853691e-03 9.756269864737987518e-03
3.811419941484928131e-03 -7.832520059309899807e-04 -1.905770041048526764e-03 0.000000000000000000e+00 1.022300031036138535e-02 -2.811900107190012932e-03 -4.085139837116003036e-03
2.064670063555240631e-02 1.321799959987401962e-02 1.426069997251033783e-02 1.457179989665746689e-02 1.267770025879144669e-02 1.577080041170120239e-02 3.481779946014285088e-03
-9.505000198259949684e-04 1.369869988411664963e-02 1.283030025660991669e-02 0.000000000000000000e+00 1.333090011030435562e-03 1.336439978331327438e-02 1.644480042159557343e-02
4.228990059345960617e-03 1.000319980084896088e-02 6.178319919854402542e-03 2.680250070989131927e-02 0.000000000000000000e+00 1.046040002256631851e-02 1.031029969453811646e-02
1.288949977606534958e-02 9.711329825222492218e-03 6.818190217018127441e-03 1.614239998161792755e-02 8.838430047035217285e-03 9.226839989423751831e-03 1.154000055976212025e-03
-3.240199992433190346e-03 4.609150055330246687e-04 -3.802540013566613197e-03 1.968130003660917282e-03 -3.265639999881386757e-03 -5.498799728229641914e-04 -1.430450007319450378e-03
1.481679966673254967e-03 -3.242230042815208435e-03 -8.936169557273387909e-03 8.570759557187557220e-03 7.986869895830750465e-04 -4.438280127942562103e-03 1.305769983446225524e-04
-8.366179652512073517e-03 -3.811819944530725479e-03 -8.649430237710475922e-04 -9.943360462784767151e-03 6.840799935162067413e-03 -4.187820013612508774e-03 -2.378890058025717735e-04
-3.864249913021922112e-03 1.214889995753765106e-02 9.156550280749797821e-03 2.402029931545257568e-02 6.049510091543197632e-03 9.956110268831253052e-03 1.732690073549747467e-02
-8.567379787564277649e-03 -1.577340066432952881e-02 -1.048799976706504822e-02 1.772619970142841339e-02 -1.299209985882043839e-02 -9.756309911608695984e-03 -6.932090036571025848e-03
-2.412720024585723877e-02 -2.629739977419376373e-02 0.000000000000000000e+00 0.000000000000000000e+00 -3.409729897975921631e-02 -3.072240017354488373e-02 -1.250640023499727249e-02
-2.074220031499862671e-02 -1.423889957368373871e-02 -1.127490028738975525e-02 1.357579953037202358e-03 -1.194170024245977402e-02 -1.261529978364706039e-02 -9.577359887771308422e-04
1.313239987939596176e-02 8.310420438647270203e-03 1.057509984821081161e-02 5.643419921398162842e-03 -1.932770013809204102e-03 9.502450004220008850e-03 5.049770232290029526e-03
1.570989936590194702e-02 2.404000051319599152e-02 2.103859931230545044e-02 -6.174739915877580643e-03 2.757369913160800934e-02 1.786229945719242096e-02 1.271869987249374390e-02
1.303219981491565704e-02 1.553670037537813187e-02 1.138009969145059586e-02 -2.698790049180388451e-03 1.682149991393089294e-02 1.277280040085315704e-02 9.702039882540702820e-03
6.220739800482988358e-03 9.298110380768775940e-03 8.897510357201099396e-03 4.591320175677537918e-03 1.423859968781471252e-03 8.216680027544498444e-03 -3.345720004290342331e-03
1.348340045660734177e-02 1.608310034498572350e-03 6.904880050569772720e-03 7.495599798858165741e-03 2.955599920824170113e-03 2.727529965341091156e-03 7.760750129818916321e-03
1.541929971426725388e-02 1.302959956228733063e-02 2.109440043568611145e-02 1.405859948135912418e-03 1.647390052676200867e-02 1.967919990420341492e-02 2.438690047711133957e-03
-5.099480040371417999e-03 -4.982190206646919250e-03 1.328289974480867386e-03 7.482159882783889771e-03 -1.253210008144378662e-02 -1.628350000828504562e-03 -1.747149974107742310e-03
7.710499921813607216e-04 1.965169940376654267e-04 0.000000000000000000e+00 -6.136990152299404144e-03 3.504019929096102715e-03 2.085750020341947675e-04 -1.955269981408491731e-04
8.364230161532759666e-04 -5.989939905703067780e-03 -1.582590048201382160e-03 -7.237410172820091248e-04 9.978869929909706116e-03 -3.572549903765320778e-03 3.626419929787516594e-03
-1.912659965455532074e-02 -1.803039945662021637e-02 -1.593579910695552826e-02 1.211629994213581085e-02 -2.870729938149452209e-02 -1.377649977803230286e-02 -1.485550031065940857e-02
1.404350041411817074e-03 1.188249979168176651e-02 1.435219962149858475e-02 2.379870042204856873e-03 5.760659929364919662e-03 1.382459979504346848e-02 7.745789829641580582e-03
1.044890005141496658e-02 1.688910089433193207e-02 1.853110082447528839e-02 4.075670149177312851e-03 -1.309549994766712189e-02 1.501629967242479324e-02 -3.770929994061589241e-03
-1.443789992481470108e-02 -4.370019771158695221e-03 4.526800010353326797e-03 -1.874870061874389648e-02 -6.731459870934486389e-03 3.758349921554327011e-04 2.005409915000200272e-03
-6.399999983841553330e-05 -1.160869956947863102e-03 -8.981719729490578175e-04 6.274499930441379547e-03 1.343220006674528122e-03 -2.355519914999604225e-03 4.411030095070600510e-03
-1.438700035214424133e-02 -1.730649918317794800e-02 -1.767029985785484314e-02 -8.446689695119857788e-03 -2.442229911684989929e-02 -2.000650018453598022e-02 -1.530000008642673492e-02
8.806060068309307098e-03 1.458000019192695618e-02 1.665869913995265961e-02 1.305160019546747208e-02 0.000000000000000000e+00 1.558330003172159195e-02 1.002580020576715469e-02
-1.178649999201297760e-02 -1.723580062389373779e-02 -9.756360203027725220e-03 7.714029867202043533e-03 4.149219894316047430e-04 -1.398629974573850632e-02 2.556859981268644333e-04
6.237990222871303558e-03 1.925159944221377373e-03 7.952259853482246399e-03 5.717489868402481079e-03 1.837079972028732300e-02 6.974610034376382828e-03 3.038990078493952751e-03
3.718219930306077003e-03 1.224919967353343964e-02 9.640599600970745087e-03 0.000000000000000000e+00 4.212030209600925446e-03 1.263799984008073807e-02 4.772610031068325043e-03
4.520759976003319025e-04 -7.013469934463500977e-03 -5.650890059769153595e-03 6.700000085402280092e-05 -4.582089837640523911e-03 -6.702779792249202728e-03 -7.540020160377025604e-03
-2.744260011240839958e-03 -1.863200031220912933e-02 -1.708780042827129364e-02 -2.701310068368911743e-02 2.180000046791974455e-05 -1.619200035929679871e-02 -1.322400011122226715e-02
1.171460002660751343e-02 8.160940371453762054e-03 -1.272910041734576225e-03 -2.729590050876140594e-02 8.113039657473564148e-03 4.576240200549364090e-03 -7.501080166548490524e-03
5.819320213049650192e-03 7.572440081275999546e-04 8.040449582040309906e-03 6.846900098025798798e-03 4.243650007992982864e-03 4.157979972660541534e-03 -1.144750043749809265e-03
0.000000000000000000e+00 -4.469499923288822174e-03 -5.313360132277011871e-03 -3.996159881353378296e-03 -1.651339977979660034e-02 -5.822909995913505554e-03 -9.088139981031417847e-03
1.416539959609508514e-02 8.113140240311622620e-03 1.128809992223978043e-02 6.842109723947942257e-04 1.773120090365409851e-02 8.520049974322319031e-03 1.816920004785060883e-03
7.398860063403844833e-03 6.907369941473007202e-03 3.943849820643663406e-03 1.590939983725547791e-02 2.156800031661987305e-02 5.973749794065952301e-03 3.337000031024217606e-03
3.130400087684392929e-03 1.553889946080744267e-03 4.611880052834749222e-03 1.524019986391067505e-03 6.704390048980712891e-03 4.297019913792610168e-03 8.323170244693756104e-03
6.011980120092630386e-03 8.426199667155742645e-03 1.016610022634267807e-02 1.497290004044771194e-02 1.403930038213729858e-02 1.055669970810413361e-02 9.468900039792060852e-03
-1.049870043061673641e-03 2.112640067934989929e-03 2.724699908867478371e-03 -7.168229785747826099e-04 3.470639931038022041e-03 5.502489861100912094e-03 2.006970113143324852e-03
-3.301909891888499260e-03 -1.399439992383122444e-03 -4.565640119835734367e-04 -2.398899942636489868e-02 -7.715799845755100250e-03 -5.984330084174871445e-03 -8.320949971675872803e-03
-1.509340014308691025e-03 -1.168700028210878372e-02 -4.244870040565729141e-03 -1.123979967087507248e-02 5.106439813971519470e-03 -9.190710261464118958e-03 3.313580062240362167e-03
0.000000000000000000e+00 0.000000000000000000e+00 0.000000000000000000e+00 -4.436369985342025757e-03 0.000000000000000000e+00 0.000000000000000000e+00 5.879640113562345505e-03
2.545170020312070847e-03 5.163909867405891418e-03 3.366379998624324799e-03 -8.520419709384441376e-03 -1.060310006141662598e-02 3.737539984285831451e-03 -3.564989892765879631e-03
1.113789994269609451e-02 4.509519785642623901e-03 7.220789790153503418e-03 7.679089903831481934e-03 1.807690015994012356e-03 6.502429954707622528e-03 2.304459922015666962e-03
-1.225330028682947159e-02 -3.943259827792644501e-03 6.736869923770427704e-03 1.539650023914873600e-03 -1.640360057353973389e-02 -7.780760060995817184e-04 3.920000046491622925e-03
2.633810043334960938e-03 -4.776579793542623520e-03 1.721989945508539677e-03 -7.039410062134265900e-03 7.722939830273389816e-03 -3.640399954747408628e-04 4.124020051676779985e-04
1.215290045365691185e-03 -7.900180295109748840e-03 2.266100054839625955e-04 -3.565749898552894592e-02 -7.089749909937381744e-03 -1.117200031876564026e-02 -2.097649965435266495e-03
3.070889972150325775e-03 -1.186250010505318642e-03 3.450340009294450283e-04 2.619550097733736038e-03 1.685690018348395824e-03 -5.805150140076875687e-04 1.038589980453252792e-03
1.765290088951587677e-02 2.737469971179962158e-02 1.629639975726604462e-02 -2.529890090227127075e-02 1.579679921269416809e-02 1.761510036885738373e-02 -3.191669937223196030e-03
-2.609720081090927124e-02 -2.148129977285861969e-02 -1.691309921443462372e-02 -1.537329982966184616e-02 -1.736439950764179230e-02 -1.737700030207633972e-02 -3.233049996197223663e-03
5.722899921238422394e-03 4.029680043458938599e-03 3.764349967241287231e-03 -3.492250107228755951e-03 1.353139989078044891e-02 1.930280006490647793e-03 2.916669938713312149e-03
2.097279950976371765e-02 1.819960027933120728e-02 9.223439730703830719e-03 0.000000000000000000e+00 -8.730620145797729492e-03 1.360590010881423950e-02 1.377140055410563946e-03
-1.620130054652690887e-02 -3.809900023043155670e-03 -9.880510158836841583e-03 -1.229640003293752670e-02 -2.776919864118099213e-04 -7.960960268974304199e-03 -6.912789773195981979e-03
-2.153320051729679108e-02 -1.987279951572418213e-02 -1.270969957113265991e-02 -4.473499953746795654e-03 -9.763879701495170593e-03 -1.098859962075948715e-02 -7.802209816873073578e-03
-2.282259985804557800e-02 -1.352570019662380219e-02 -5.025529768317937851e-03 -4.903849959373474121e-02 -5.384949967265129089e-02 -1.245130039751529694e-02 -2.262970060110092163e-02
8.186429738998413086e-03 3.930630162358283997e-03 -2.258530003018677235e-04 2.252740040421485901e-02 8.707489818334579468e-03 9.410399943590164185e-04 7.336410228163003922e-03
2.907980047166347504e-02 1.193240005522966385e-02 9.120870381593704224e-03 1.090740039944648743e-02 2.521649934351444244e-02 1.517389994114637375e-02 1.002050004899501801e-02
5.468070041388273239e-03 1.458569988608360291e-02 1.454009953886270523e-02 -7.247639819979667664e-03 -3.427559975534677505e-03 1.336789969354867935e-02 3.611529944464564323e-03
1.135190017521381378e-02 -6.950249895453453064e-03 -1.710760057903826237e-03 0.000000000000000000e+00 1.825349964201450348e-02 -3.202759893611073494e-03 7.196689955890178680e-03
-5.985300056636333466e-03 -1.034200005233287811e-02 -6.322499830275774002e-03 -2.242259914055466652e-03 -9.460779838263988495e-03 -7.752500008791685104e-03 -9.966400451958179474e-03
3.300679847598075867e-02 4.418199881911277771e-02 2.374779991805553436e-02 5.594000220298767090e-03 3.872470185160636902e-02 2.997419983148574829e-02 2.210409939289093018e-02
4.838730208575725555e-03 -4.460380005184561014e-04 8.967160247266292572e-04 -1.124470029026269913e-02 5.969129968434572220e-03 1.299389987252652645e-04 -9.657900081947445869e-04
1.153370016254484653e-03 0.000000000000000000e+00 6.494489964097738266e-03 -4.013959784060716629e-03 0.000000000000000000e+00 0.000000000000000000e+00 3.403690061531960964e-04
-6.088749971240758896e-03 -1.416360028088092804e-03 -4.097740165889263153e-03 -1.883620023727416992e-02 -2.993820002302527428e-03 -5.513609852641820908e-03 -4.997910000383853912e-03
1.108850003220140934e-03 1.684310031123459339e-03 -7.599999662488698959e-05 -2.191090025007724762e-02 -8.647640235722064972e-03 -5.523799918591976166e-04 -1.375349983572959900e-02
1.086630020290613174e-02 -7.976610213518142700e-04 -3.474789904430508614e-03 4.814809933304786682e-02 4.921779967844486237e-03 -2.641810104250907898e-03 6.344499997794628143e-03
-1.498310011811554432e-03 3.682499984279274940e-03 4.546090029180049896e-03 -4.147119820117950439e-03 9.557469747960567474e-03 -8.096640231087803841e-04 2.130080014467239380e-03
1.481270045042037964e-02 1.756300032138824463e-02 1.348969992250204086e-02 0.000000000000000000e+00 2.436489984393119812e-02 1.021900027990341187e-02 5.590219981968402863e-03
-1.990379998460412025e-03 8.558729663491249084e-03 8.079160004854202271e-03 5.728280171751976013e-03 -5.199999941396526992e-05 9.242540225386619568e-03 5.024979822337627411e-03
3.234719857573509216e-02 3.063390031456947327e-02 3.070610016584396362e-02 1.221780013293027878e-02 3.111089952290058136e-02 2.985689975321292877e-02 1.718419976532459259e-02
-1.313889981247484684e-03 -2.060849918052554131e-03 0.000000000000000000e+00 0.000000000000000000e+00 5.075570195913314819e-03 6.576530169695615768e-03 4.238760098814964294e-03
-1.065440010279417038e-02 -2.112860046327114105e-02 -1.688369922339916229e-02 -2.546689938753843307e-03 -2.474980056285858154e-02 -1.759310066699981689e-02 -9.050760418176651001e-03
-1.245190016925334930e-02 1.521460013464093208e-03 -1.309760031290352345e-03 1.270559988915920258e-02 -2.337970072403550148e-03 -8.671790128573775291e-04 7.175980135798454285e-03
-1.280189957469701767e-02 1.594979985384270549e-04 6.008369964547455311e-04 -2.898159995675086975e-02 -1.604060083627700806e-02 -1.898179994896054268e-03 -9.452690370380878448e-03
3.835410112515091896e-03 -1.680050045251846313e-03 2.327089896425604820e-03 5.219770129770040512e-03 -4.351220093667507172e-03 2.307029906660318375e-03 9.682070231065154076e-04
-6.427390035241842270e-03 -5.229180213063955307e-03 -3.186079859733581543e-02 -6.951159797608852386e-03 6.409659981727600098e-03 -2.029909938573837280e-02 1.290310057811439037e-03
1.981340115889906883e-03 2.916409866884350777e-04 -6.501050200313329697e-03 2.740680007264018059e-03 -8.959740400314331055e-03 4.509259888436645269e-04 -6.630539894104003906e-03
3.671289887279272079e-03 -5.501780193299055099e-03 -1.460060011595487595e-03 2.147090062499046326e-02 0.000000000000000000e+00 -5.426310002803802490e-03 5.992169957607984543e-03
-4.684430023189634085e-04 1.587409991770982742e-03 -7.110779988579452038e-04 -5.475429818034172058e-03 -1.329149957746267319e-02 5.387029959820210934e-04 -1.784350024536252022e-03
3.426359908189624548e-04 8.772920118644833565e-04 2.857249928638339043e-03 3.830849891528487206e-03 1.006120000965893269e-03 2.869599964469671249e-03 5.985530093312263489e-03
-5.393280182033777237e-03 -3.075859975069761276e-03 3.976679872721433640e-03 -8.674260228872299194e-03 2.671610098332166672e-03 4.323490138631314039e-04 -5.318880081176757812e-03
3.373869927600026131e-03 -1.423730049282312393e-03 5.311990156769752502e-03 -2.321759937331080437e-03 3.745819907635450363e-03 1.131089986301958561e-03 1.326979952864348888e-03
3.993280231952667236e-03 -2.483889926224946976e-03 -5.969229969196021557e-04 -4.650429822504520416e-03 -3.938239999115467072e-03 -3.595890011638402939e-04 -6.374650169163942337e-03
0.000000000000000000e+00 1.356029976159334183e-02 0.000000000000000000e+00 -3.879349911585450172e-03 1.997010037302970886e-02 6.930289790034294128e-03 -5.331499967724084854e-03
-4.774190112948417664e-02 -3.539510071277618408e-02 -5.481600016355514526e-02 -3.883289918303489685e-02 -5.236490070819854736e-02 -4.881680011749267578e-02 -3.536489978432655334e-02
8.421679958701133728e-04 2.076399978250265121e-03 4.939219914376735687e-03 6.129379849880933762e-03 -7.219640072435140610e-03 3.594520036131143570e-03 5.079999937152024359e-06
9.024339728057384491e-03 2.248590067028999329e-02 1.241960003972053528e-02 -9.554079733788967133e-03 1.258409954607486725e-02 1.610100083053112030e-02 3.009269945323467255e-03
-2.125150058418512344e-03 5.972200073301792145e-03 -4.045300185680389404e-03 1.425050012767314911e-02 -7.228100206702947617e-03 -6.202430231496691704e-04 -2.646029926836490631e-03
-1.382580026984214783e-03 -1.872779987752437592e-02 -1.164169982075691223e-02 8.979460224509239197e-03 -3.129529999569058418e-03 -1.703700050711631775e-02 -1.327630039304494858e-02
-2.026849985122680664e-02 1.456459984183311462e-02 0.000000000000000000e+00 -9.202459827065467834e-03 -1.255900040268898010e-02 1.041060034185647964e-02 7.414110004901885986e-03
5.964070092886686325e-03 -5.172059871256351471e-03 -2.056820085272192955e-03 -1.153479982167482376e-02 1.525069959461688995e-02 -3.399610053747892380e-03 1.050520004355348647e-04
-2.035950077697634697e-03 1.416790019720792770e-02 4.981129895895719528e-03 -4.481410142034292221e-03 -9.283360093832015991e-03 9.124919772148132324e-03 5.397099885158240795e-04
1.655579917132854462e-02 1.497600041329860687e-02 1.605690084397792816e-02 3.566619940102100372e-03 1.892600022256374359e-02 1.508860010653734207e-02 6.223869975656270981e-03
4.406679887324571609e-03 -2.842359943315386772e-03 7.952289655804634094e-03 3.715869970619678497e-03 1.144229993224143982e-02 -5.640000017592683434e-05 5.174919962882995605e-03
3.665640018880367279e-03 -7.187489885836839676e-03 -3.682750044390559196e-03 -1.347739994525909424e-02 4.169709980487823486e-03 -8.469419553875923157e-03 -4.478539805859327316e-03
0.000000000000000000e+00 -6.053990218788385391e-03 -5.789630115032196045e-03 -8.130740374326705933e-03 -5.106879863888025284e-03 -7.760929875075817108e-03 -1.896569970995187759e-03
-1.016720011830329895e-02 -8.532189764082431793e-03 -1.324700005352497101e-02 3.617370035499334335e-03 -1.222900021821260452e-02 -1.064459979534149170e-02 1.085769967176020145e-03
3.109369892627000809e-03 4.092199960723519325e-04 1.506960019469261169e-02 8.470039814710617065e-03 9.210349991917610168e-03 1.053049974143505096e-02 7.504969835281372070e-03
1.689999953669030219e-05 -3.834610106423497200e-03 -7.801560219377279282e-03 -2.532680053263902664e-03 1.653400063514709473e-02 -6.240310147404670715e-03 2.830120036378502846e-03
4.043240100145339966e-03 1.220209989696741104e-02 1.156099978834390640e-02 3.186649829149246216e-02 -2.033470012247562408e-02 1.231069955974817276e-02 1.145539991557598114e-02
3.540949895977973938e-03 1.247910037636756897e-02 4.458430223166942596e-03 -1.386210042983293533e-02 8.739929762668907642e-04 5.713549908250570297e-03 3.546080086380243301e-03
6.435589864850044250e-03 2.924639964476227760e-03 1.182399969547986984e-02 -2.336969971656799316e-02 1.766709983348846436e-02 6.416060030460357666e-03 -1.535760005936026573e-03
-3.798929974436759949e-03 -1.013179961591959000e-02 0.000000000000000000e+00 0.000000000000000000e+00 5.243639927357435226e-03 4.722389858216047287e-03 4.035830032080411911e-03
-2.791499951854348183e-03 -1.198880001902580261e-02 -1.082570012658834457e-02 0.000000000000000000e+00 0.000000000000000000e+00 -1.031589973717927933e-02 4.479999915929511189e-05
-4.346330091357231140e-02 -5.153759941458702087e-02 -3.233370184898376465e-02 1.936019957065582275e-02 -2.726810052990913391e-02 -3.746519982814788818e-02 -8.671839721500873566e-03
-1.401970046572387218e-03 1.436599995940923691e-03 0.000000000000000000e+00 3.600929921958595514e-04 5.785710178315639496e-03 4.186110105365514755e-03 -1.905420067487284541e-04
-1.218209974467754364e-03 8.216080255806446075e-03 4.045700188726186752e-03 1.050520036369562149e-02 -1.048579998314380646e-02 6.972100120037794113e-03 -1.439079991541802883e-03
-3.107840009033679962e-02 -3.064589947462081909e-02 -2.608570083975791931e-02 4.080050159245729446e-03 -3.726059943437576294e-02 -2.845080010592937469e-02 -1.189500000327825546e-02
5.494370125234127045e-03 8.163659833371639252e-03 1.767680048942565918e-03 4.491949919611215591e-03 -1.046220026910305023e-02 7.764679845422506332e-03 -7.460000051651149988e-05
-5.560939898714423180e-04 2.565110102295875549e-03 3.844799939543008804e-03 1.796690002083778381e-02 4.783549811691045761e-03 9.890269720926880836e-04 3.332610009238123894e-03
1.042110030539333820e-03 1.683380082249641418e-02 1.393800042569637299e-02 0.000000000000000000e+00 2.007080055773258209e-02 1.655600033700466156e-02 1.855829916894435883e-02
-4.167309962213039398e-03 -7.185560185462236404e-03 -1.072059967555105686e-03 -5.887120030820369720e-03 2.182980068027973175e-03 -3.207670059055089951e-03 1.432270044460892677e-03
-1.705629983916878700e-03 1.543739996850490570e-02 8.715149946510791779e-03 1.277039991691708565e-03 -6.858170032501220703e-03 9.993930347263813019e-03 -3.320000178064219654e-05
1.711310003884136677e-03 1.697020023129880428e-03 -7.850829861126840115e-04 -1.727369963191449642e-03 1.449159998446702957e-02 -3.038260038010776043e-04 1.288429950363934040e-03
0.000000000000000000e+00 -5.876670125871896744e-03 5.731789860874414444e-03 0.000000000000000000e+00 0.000000000000000000e+00 5.201129824854433537e-04 1.111130043864250183e-02
-1.600470021367073059e-02 -3.988530021160840988e-03 -6.744499783962965012e-03 4.302990157157182693e-03 -2.644219994544982910e-02 -4.752920009195804596e-03 -6.033719982951879501e-03
-1.147860009223222733e-02 -4.874679818749427795e-02 -3.270599991083145142e-02 -1.886920072138309479e-02 -2.587939985096454620e-02 -3.792399913072586060e-02 -2.729439921677112579e-02
5.624799989163875580e-03 -8.155109826475381851e-04 1.415209961123764515e-03 1.853260025382041931e-02 4.865809809416532516e-03 9.159999899566173553e-05 6.176259834319353104e-03
3.283980069682002068e-03 -6.073560100048780441e-03 -9.079109877347946167e-03 -1.678800024092197418e-02 -5.432500038295984268e-03 -9.328749962151050568e-03 -9.662440046668052673e-03
-9.425439871847629547e-03 -1.627269946038722992e-02 -7.139780092984437943e-03 0.000000000000000000e+00 -5.081539973616600037e-03 -9.893409907817840576e-03 -3.729199990630149841e-03
-1.019429997541010380e-03 -5.418349988758563995e-03 -1.048060040920972824e-02 1.722309924662113190e-02 9.805050212889909744e-04 -8.897120133042335510e-03 2.515699947252869606e-03
6.093310192227363586e-03 1.104119978845119476e-02 5.641289986670017242e-03 -1.017380040138959885e-03 2.748460043221712112e-03 7.607940118759870529e-03 2.888590097427368164e-03
7.633329834789037704e-03 -3.571159904822707176e-03 -3.150470089167356491e-03 -1.188660040497779846e-02 -1.845840015448629856e-03 -2.649510046467185020e-03 -5.788720212876796722e-03
-1.351310056634247303e-03 5.214480217546224594e-03 4.760390147566795349e-03 -6.617070175707340240e-03 -2.908420050516724586e-03 5.179930012673139572e-03 3.606250043958425522e-03
-2.924289926886558533e-02 -1.789930090308189392e-02 -1.010600011795759201e-02 -2.903440035879611969e-02 -1.827939972281455994e-02 -1.567490026354789734e-02 -6.472779903560876846e-03
4.303469881415367126e-02 5.163000151515007019e-02 5.032270029187202454e-02 1.589960046112537384e-02 4.024729877710342407e-02 6.704249978065490723e-02 2.531759999692440033e-02
9.190759737975895405e-04 -4.556590225547552109e-03 -6.860199850052595139e-03 -6.275279913097620010e-03 1.162409968674182892e-02 -6.568910088390111923e-03 9.174370206892490387e-04
1.334969978779554367e-02 1.643409952521324158e-02 8.724230341613292694e-03 2.307669958099722862e-03 1.026020012795925140e-02 1.108049973845481873e-02 -2.621470019221305847e-03
-1.590570062398910522e-02 2.475720085203647614e-02 1.715520024299621582e-02 -4.410439869388937950e-04 -1.361040049232542515e-03 2.090260013937950134e-02 -2.331160008907318115e-03
1.195449964143335819e-03 -9.774239733815193176e-03 -8.065179921686649323e-03 -1.126349996775388718e-02 1.575200003571808338e-04 -9.217100217938423157e-03 -4.870160017162561417e-03
7.749060168862342834e-03 1.135720033198595047e-02 4.726119805127382278e-03 -2.819269895553588867e-03 1.321209967136383057e-02 8.422479964792728424e-03 6.678939796984195709e-03
6.418029777705669403e-03 7.580029778182506561e-03 4.041530191898345947e-03 -2.207140065729618073e-02 0.000000000000000000e+00 6.180089898407459259e-03 -3.641460090875625610e-03
-2.989920089021325111e-03 -1.034520007669925690e-02 -1.314099971204996109e-02 -1.888499967753887177e-02 5.370439961552619934e-03 -1.317619998008012772e-02 -2.068350091576576233e-03
2.386450069025158882e-03 -7.823350024409592152e-04 -2.869739895686507225e-03 5.342720076441764832e-03 -1.753099961206316948e-03 -2.510909922420978546e-03 8.920000254875048995e-05
-2.789699938148260117e-03 -3.195820027031004429e-04 -6.423159968107938766e-03 -1.707930001430213451e-03 -2.389550022780895233e-02 -3.024060046300292015e-03 -1.424860022962093353e-02
0.000000000000000000e+00 0.000000000000000000e+00 -2.082410035654902458e-03 7.443630136549472809e-03 0.000000000000000000e+00 -5.860670004040002823e-03 -2.416690113022923470e-03
-4.212069790810346603e-03 6.647639907896518707e-03 3.150739939883351326e-03 -1.798780076205730438e-02 0.000000000000000000e+00 3.881710115820169449e-03 -1.743770018219947815e-02
6.563169881701469421e-03 5.661719944328069687e-03 9.149540215730667114e-03 2.796170068904757500e-03 8.155699819326400757e-03 7.058340124785900116e-03 -2.326159970834851265e-03
2.599909901618957520e-03 -1.422479981556534767e-03 -3.873920068144798279e-03 9.632949950173497200e-04 3.431620076298713684e-03 -1.358640030957758427e-03 2.133720088750123978e-03
-4.251210018992424011e-03 5.311219720169901848e-04 -2.922950079664587975e-04 3.142399946227669716e-03 -6.203069817274808884e-03 -3.418999956920742989e-03 -7.652559783309698105e-03
-5.334800225682556629e-04 -5.560569930821657181e-03 -5.899169947952032089e-03 0.000000000000000000e+00 7.575000170618295670e-03 -6.402330007404088974e-03 -4.366389941424131393e-03
-3.150830045342445374e-02 -3.389300033450126648e-02 -3.154709935188293457e-02 -1.279770024120807648e-02 -3.561310097575187683e-02 -3.490300104022026062e-02 -2.103289961814880371e-02
6.935339886695146561e-03 7.954330183565616608e-03 1.015430036932229996e-02 -2.166860067518427968e-04 1.183119951747357845e-03 8.030010387301445007e-03 4.325179848819971085e-03
1.909920014441013336e-02 1.750879921019077301e-02 1.960139907896518707e-02 0.000000000000000000e+00 1.505879964679479599e-02 1.641900092363357544e-02 1.073679979890584946e-02
-8.437650278210639954e-03 -1.961559988558292389e-03 -2.706669969484210014e-03 3.765569999814033508e-02 -4.381809849292039871e-03 -7.259999983943998814e-05 3.023670054972171783e-03
-1.478940015658736229e-03 -5.030800122767686844e-03 -2.731469925493001938e-03 8.266000077128410339e-03 -5.631010280922055244e-04 -2.434550086036324501e-03 9.896020404994487762e-03
-1.188820041716098785e-02 -1.839720085263252258e-02 -1.385689992457628250e-02 1.569830067455768585e-02 7.929139770567417145e-03 -1.227440033107995987e-02 1.057729963213205338e-02
-3.350550075992941856e-03 -7.509400136768817902e-03 -1.988620031625032425e-03 1.071539986878633499e-02 8.837100118398666382e-03 -3.177240025252103806e-03 4.196269903331995010e-03
1.328299986198544502e-03 -1.955059915781021118e-02 -1.433470007032155991e-02 -5.044760182499885559e-02 3.031359985470771790e-02 -1.207039970904588699e-02 -2.342870086431503296e-02
-8.084909990429878235e-03 5.511779803782701492e-03 4.298440180718898773e-03 -3.956269938498735428e-03 -1.355190016329288483e-02 5.811439827084541321e-03 -1.644290052354335785e-03
2.633600088302046061e-04 -1.240200013853609562e-03 -4.417620133608579636e-03 1.146699953824281693e-02 -1.039560046046972275e-02 -4.044150002300739288e-03 -8.854889892973005772e-04
-2.694159979000687599e-03 -6.949000060558319092e-03 -1.079870015382766724e-02 1.028539962135255337e-03 -2.420230070129036903e-03 -7.758050225675106049e-03 -1.015179976820945740e-02
2.792560029774904251e-03 2.614060044288635254e-02 1.551800034940242767e-02 1.959829963743686676e-02 -7.435409817844629288e-03 1.597220078110694885e-02 8.768360130488872528e-03
5.082330200821161270e-03 8.471229812130331993e-04 -9.916239650920033455e-04 -4.682660102844238281e-03 3.089850069954991341e-03 -1.586530008353292942e-03 -5.958579946309328079e-03
6.503220181912183762e-03 2.700739912688732147e-02 1.175099983811378479e-02 4.253940191119909286e-03 -2.854679943993687630e-03 2.100599929690361023e-02 1.699149981141090393e-02
4.514319822192192078e-03 8.598829619586467743e-03 6.813220214098691940e-03 -3.530260000843554735e-04 5.775520112365484238e-03 7.955020293593406677e-03 2.852180041372776031e-03
5.537860095500946045e-03 3.478680178523063660e-02 3.789110109210014343e-02 -8.181599900126457214e-03 9.838160127401351929e-03 3.279960155487060547e-02 1.031970046460628510e-02
2.442819997668266296e-03 6.952910218387842178e-03 -5.776769947260618210e-03 4.451400041580200195e-02 2.577319974079728127e-04 3.950459882616996765e-03 1.281569991260766983e-02
4.994589835405349731e-03 -5.106669850647449493e-03 4.976040218025445938e-03 -1.668039942160248756e-03 1.093290001153945923e-02 -5.482910200953483582e-04 -1.180120045319199562e-03
1.522560045123100281e-02 1.760620065033435822e-02 1.595140062272548676e-02 -4.210670012980699539e-04 2.224639989435672760e-02 1.341119967401027679e-02 1.615910045802593231e-02
1.125129964202642441e-02 1.086749974638223648e-02 1.913809962570667267e-02 0.000000000000000000e+00 0.000000000000000000e+00 9.632930159568786621e-03 8.167670108377933502e-03
-1.806320040486752987e-03 1.267919968813657761e-02 7.409010082483291626e-03 1.783039979636669159e-02 -1.132630044594407082e-03 1.186349987983703613e-02 7.877900265157222748e-03
4.352429881691932678e-03 1.993050053715705872e-02 2.130489982664585114e-02 -1.860450021922588348e-03 1.533849979750812054e-03 1.899700053036212921e-02 1.104969996958971024e-02
0.000000000000000000e+00 -1.204929966479539871e-02 -9.820749983191490173e-03 -1.386910025030374527e-02 -6.164050195366144180e-03 -1.052669994533061981e-02 -1.395479962229728699e-02
8.265749784186482430e-04 -6.403210107237100601e-03 -5.720200017094612122e-03 1.218579988926649094e-02 -8.519410155713558197e-03 -5.119610112160444260e-03 3.106740070506930351e-03
1.725460030138492584e-02 5.687450058758258820e-03 1.364899985492229462e-02 0.000000000000000000e+00 1.622840017080307007e-02 1.272870041429996490e-02 1.173739973455667496e-02
-2.365959994494915009e-02 -2.763470076024532318e-02 -2.648649923503398895e-02 4.188859835267066956e-03 -3.488240018486976624e-02 -2.902149967849254608e-02 -1.188910007476806641e-02
-5.562469828873872757e-03 1.563680008985102177e-03 -5.565479863435029984e-03 -2.199199981987476349e-03 -5.481030093505978584e-04 -1.427229959517717361e-03 -3.226930042728781700e-03
-1.973439939320087433e-02 -2.493100054562091827e-02 -2.346090041100978851e-02 -1.354650035500526428e-02 -4.864609986543655396e-02 -2.161440066993236542e-02 -2.595059946179389954e-02
2.138669975101947784e-02 2.628530003130435944e-02 2.044690027832984924e-02 5.120189860463142395e-03 2.394839935004711151e-02 2.241690084338188171e-02 1.546359993517398834e-02
2.596220001578330994e-02 -6.099999882280826569e-05 1.057319995015859604e-02 1.305039972066879272e-02 4.892299883067607880e-03 1.630580052733421326e-03 8.414830081164836884e-04
2.382139908149838448e-03 3.443979891017079353e-03 -4.619320097845047712e-04 0.000000000000000000e+00 1.212279964238405228e-02 1.685320021351799369e-04 1.344809960573911667e-02
-1.915339939296245575e-02 3.038140013813972473e-03 1.019499963149428368e-03 1.364959962666034698e-02 -9.456449770368635654e-04 3.596130060032010078e-03 1.636070013046264648e-02
6.319120060652494431e-03 -6.723430124111473560e-04 1.475509954616427422e-03 -2.346960082650184631e-02 8.564120158553123474e-03 -6.987280212342739105e-04 -8.405200205743312836e-03
-4.837169777601957321e-03 -1.083770021796226501e-02 -4.367330111563205719e-03 -3.734270110726356506e-03 8.908939547836780548e-03 -9.540360420942306519e-03 3.181690117344260216e-04
7.217620033770799637e-03 3.740509971976280212e-03 6.832169834524393082e-03 -1.852749992394819856e-04 -1.309499959461390972e-03 3.826990025117993355e-03 -5.227969959378242493e-03
-6.195839960128068924e-03 -1.490420009940862656e-02 -7.091459818184375763e-03 -4.009000025689601898e-03 2.274389937520027161e-02 -5.098470021039247513e-03 -6.025000009685754776e-03
-3.220079932361841202e-03 -6.868280004709959030e-03 -3.099130000919103622e-03 -5.438100080937147141e-03 7.240749895572662354e-03 -5.852459929883480072e-03 -3.116789972409605980e-03
-1.071500033140182495e-02 -1.279800012707710266e-02 8.505799807608127594e-03 2.616070024669170380e-02 0.000000000000000000e+00 -9.941830066964030266e-04 6.099360063672065735e-03
-3.644879907369613647e-04 -1.953399972990155220e-03 -2.793879946693778038e-03 -7.421399932354688644e-04 -6.540500093251466751e-03 -3.385829972103238106e-03 -4.882580135017633438e-03
7.752280216664075851e-03 1.673880033195018768e-02 1.145560014992952347e-02 -7.832789793610572815e-03 9.502010070718824863e-04 1.084739994257688522e-02 -2.746050013229250908e-03
1.772369956597685814e-03 1.316449977457523346e-02 5.049279890954494476e-03 -5.458979867398738861e-04 -1.075289957225322723e-02 8.504809811711311340e-03 4.984870087355375290e-03
0.000000000000000000e+00 0.000000000000000000e+00 0.000000000000000000e+00 1.320669986307621002e-02 0.000000000000000000e+00 3.681059926748275757e-03 4.142079968005418777e-03
1.141820009797811508e-02 2.029780065640807152e-03 7.981479866430163383e-04 -7.491809781640768051e-03 2.609309926629066467e-02 1.198660000227391720e-03 -1.283650053665041924e-03
3.497079946100711823e-03 -1.371650025248527527e-03 -9.080000018002465367e-05 -8.020419627428054810e-03 -8.858810178935527802e-03 2.247520023956894875e-03 -5.148889962583780289e-03
4.176099784672260284e-03 5.424859933555126190e-03 6.637980230152606964e-03 4.139820113778114319e-03 6.237959954887628555e-03 3.980279900133609772e-03 -4.498989786952733994e-03
