6.399999856948852539e-01 7.840000000000000000e+02 3.430000000000000000e+02 2.205000000000000000e+02 3.500000000000000000e+00 2.000000000000000000e+00 4.000000059604644775e-01 2.000000000000000000e+00
6.399999856948852539e-01 7.840000000000000000e+02 3.430000000000000000e+02 2.205000000000000000e+02 3.500000000000000000e+00 3.000000000000000000e+00 1.000000014901161194e-01 2.000000000000000000e+00
9.800000190734863281e-01 5.145000000000000000e+02 2.940000000000000000e+02 1.102500000000000000e+02 7.000000000000000000e+00 5.000000000000000000e+00 4.000000059604644775e-01 2.000000000000000000e+00
8.999999761581420898e-01 5.635000000000000000e+02 3.185000000000000000e+02 1.225000000000000000e+02 7.000000000000000000e+00 4.000000000000000000e+00 2.500000000000000000e-01 2.000000000000000000e+00
9.800000190734863281e-01 5.145000000000000000e+02 2.940000000000000000e+02 1.102500000000000000e+02 7.000000000000000000e+00 3.000000000000000000e+00 2.500000000000000000e-01 3.000000000000000000e+00
6.399999856948852539e-01 7.840000000000000000e+02 3.430000000000000000e+02 2.205000000000000000e+02 3.500000000000000000e+00 2.000000000000000000e+00 0.000000000000000000e+00 0.000000000000000000e+00
7.400000095367431641e-01 6.860000000000000000e+02 2.450000000000000000e+02 2.205000000000000000e+02 3.500000000000000000e+00 5.000000000000000000e+00 2.500000000000000000e-01 5.000000000000000000e+00
6.899999976158142090e-01 7.350000000000000000e+02 2.940000000000000000e+02 2.205000000000000000e+02 3.500000000000000000e+00 5.000000000000000000e+00 4.000000059604644775e-01 3.000000000000000000e+00
7.900000214576721191e-01 6.370000000000000000e+02 3.430000000000000000e+02 1.470000000000000000e+02 7.000000000000000000e+00 4.000000000000000000e+00 1.000000014901161194e-01 5.000000000000000000e+00
7.099999785423278809e-01 7.105000000000000000e+02 2.695000000000000000e+02 2.205000000000000000e+02 3.500000000000000000e+00 3.000000000000000000e+00 1.000000014901161194e-01 2.000000000000000000e+00
7.599999904632568359e-01 6.615000000000000000e+02 4.165000000000000000e+02 1.225000000000000000e+02 7.000000000000000000e+00 4.000000000000000000e+00 0.000000000000000000e+00 0.000000000000000000e+00
8.999999761581420898e-01 5.635000000000000000e+02 3.185000000000000000e+02 1.225000000000000000e+02 7.000000000000000000e+00 3.000000000000000000e+00 2.500000000000000000e-01 2.000000000000000000e+00
8.999999761581420898e-01 5.635000000000000000e+02 3.185000000000000000e+02 1.225000000000000000e+02 7.000000000000000000e+00 3.000000000000000000e+00 4.000000059604644775e-01 4.000000000000000000e+00
7.400000095367431641e-01 6.860000000000000000e+02 2.450000000000000000e+02 2.205000000000000000e+02 3.500000000000000000e+00 4.000000000000000000e+00 4.000000059604644775e-01 4.000000000000000000e+00
6.899999976158142090e-01 7.350000000000000000e+02 2.940000000000000000e+02 2.205000000000000000e+02 3.500000000000000000e+00 5.000000000000000000e+00 1.000000014901161194e-01 2.000000000000000000e+00
6.399999856948852539e-01 7.840000000000000000e+02 3.430000000000000000e+02 2.205000000000000000e+02 3.500000000000000000e+00 3.000000000000000000e+00 1.000000014901161194e-01 3.000000000000000000e+00
6.399999856948852539e-01 7.840000000000000000e+02 3.430000000000000000e+02 2.205000000000000000e+02 3.500000000000000000e+00 5.000000000000000000e+00 1.000000014901161194e-01 3.000000000000000000e+00
8.600000143051147461e-01 5.880000000000000000e+02 2.940000000000000000e+02 1.470000000000000000e+02 7.000000000000000000e+00 3.000000000000000000e+00 4.000000059604644775e-01 3.000000000000000000e+00
7.900000214576721191e-01 6.370000000000000000e+02 3.430000000000000000e+02 1.470000000000000000e+02 7.000000000000000000e+00 3.000000000000000000e+00 1.000000014901161194e-01 2.000000000000000000e+00
8.600000143051147461e-01 5.880000000000000000e+02 2.940000000000000000e+02 1.470000000000000000e+02 7.000000000000000000e+00 4.000000000000000000e+00 4.000000059604644775e-01 1.000000000000000000e+00
6.899999976158142090e-01 7.350000000000000000e+02 2.940000000000000000e+02 2.205000000000000000e+02 3.500000000000000000e+00 5.000000000000000000e+00 1.000000014901161194e-01 3.000000000000000000e+00
7.900000214576721191e-01 6.370000000000000000e+02 3.430000000000000000e+02 1.470000000000000000e+02 7.000000000000000000e+00 2.000000000000000000e+00 4.000000059604644775e-01 3.000000000000000000e+00
6.600000262260437012e-01 7.595000000000000000e+02 3.185000000000000000e+02 2.205000000000000000e+02 3.500000000000000000e+00 5.000000000000000000e+00 1.000000014901161194e-01 1.000000000000000000e+00
7.099999785423278809e-01 7.105000000000000000e+02 2.695000000000000000e+02 2.205000000000000000e+02 3.500000000000000000e+00 2.000000000000000000e+00 4.000000059604644775e-01 5.000000000000000000e+00
9.800000190734863281e-01 5.145000000000000000e+02 2.940000000000000000e+02 1.102500000000000000e+02 7.000000000000000000e+00 3.000000000000000000e+00 1.000000014901161194e-01 2.000000000000000000e+00
8.199999928474426270e-01 6.125000000000000000e+02 3.185000000000000000e+02 1.470000000000000000e+02 7.000000000000000000e+00 3.000000000000000000e+00 4.000000059604644775e-01 5.000000000000000000e+00
9.800000190734863281e-01 5.145000000000000000e+02 2.940000000000000000e+02 1.102500000000000000e+02 7.000000000000000000e+00 5.000000000000000000e+00 4.000000059604644775e-01 4.000000000000000000e+00
8.600000143051147461e-01 5.880000000000000000e+02 2.940000000000000000e+02 1.470000000000000000e+02 7.000000000000000000e+00 2.000000000000000000e+00 1.000000014901161194e-01 1.000000000000000000e+00
7.599999904632568359e-01 6.615000000000000000e+02 4.165000000000000000e+02 1.225000000000000000e+02 7.000000000000000000e+00 4.000000000000000000e+00 1.000000014901161194e-01 3.000000000000000000e+00
9.800000190734863281e-01 5.145000000000000000e+02 2.940000000000000000e+02 1.102500000000000000e+02 7.000000000000000000e+00 2.000000000000000000e+00 4.000000059604644775e-01 5.000000000000000000e+00
6.600000262260437012e-01 7.595000000000000000e+02 3.185000000000000000e+02 2.205000000000000000e+02 3.500000000000000000e+00 2.000000000000000000e+00 0.000000000000000000e+00 0.000000000000000000e+00
6.399999856948852539e-01 7.840000000000000000e+02 3.430000000000000000e+02 2.205000000000000000e+02 3.500000000000000000e+00 4.000000000000000000e+00 4.000000059604644775e-01 5.000000000000000000e+00
7.599999904632568359e-01 6.615000000000000000e+02 4.165000000000000000e+02 1.225000000000000000e+02 7.000000000000000000e+00 3.000000000000000000e+00 4.000000059604644775e-01 1.000000000000000000e+00
7.400000095367431641e-01 6.860000000000000000e+02 2.450000000000000000e+02 2.205000000000000000e+02 3.500000000000000000e+00 5.000000000000000000e+00 1.000000014901161194e-01 1.000000000000000000e+00
6.200000047683715820e-01 8.085000000000000000e+02 3.675000000000000000e+02 2.205000000000000000e+02 3.500000000000000000e+00 3.000000000000000000e+00 4.000000059604644775e-01 5.000000000000000000e+00
8.999999761581420898e-01 5.635000000000000000e+02 3.185000000000000000e+02 1.225000000000000000e+02 7.000000000000000000e+00 3.000000000000000000e+00 1.000000014901161194e-01 2.000000000000000000e+00
7.400000095367431641e-01 6.860000000000000000e+02 2.450000000000000000e+02 2.205000000000000000e+02 3.500000000000000000e+00 2.000000000000000000e+00 2.500000000000000000e-01 2.000000000000000000e+00
6.600000262260437012e-01 7.595000000000000000e+02 3.185000000000000000e+02 2.205000000000000000e+02 3.500000000000000000e+00 5.000000000000000000e+00 4.000000059604644775e-01 5.000000000000000000e+00
7.400000095367431641e-01 6.860000000000000000e+02 2.450000000000000000e+02 2.205000000000000000e+02 3.500000000000000000e+00 5.000000000000000000e+00 1.000000014901161194e-01 4.000000000000000000e+00
6.600000262260437012e-01 7.595000000000000000e+02 3.185000000000000000e+02 2.205000000000000000e+02 3.500000000000000000e+00 5.000000000000000000e+00 0.000000000000000000e+00 0.000000000000000000e+00
7.900000214576721191e-01 6.370000000000000000e+02 3.430000000000000000e+02 1.470000000000000000e+02 7.000000000000000000e+00 4.000000000000000000e+00 4.000000059604644775e-01 2.000000000000000000e+00
7.099999785423278809e-01 7.105000000000000000e+02 2.695000000000000000e+02 2.205000000000000000e+02 3.500000000000000000e+00 4.000000000000000000e+00 2.500000000000000000e-01 4.000000000000000000e+00
9.800000190734863281e-01 5.145000000000000000e+02 2.940000000000000000e+02 1.102500000000000000e+02 7.000000000000000000e+00 5.000000000000000000e+00 1.000000014901161194e-01 2.000000000000000000e+00
6.600000262260437012e-01 7.595000000000000000e+02 3.185000000000000000e+02 2.205000000000000000e+02 3.500000000000000000e+00 3.000000000000000000e+00 1.000000014901161194e-01 3.000000000000000000e+00
6.600000262260437012e-01 7.595000000000000000e+02 3.185000000000000000e+02 2.205000000000000000e+02 3.500000000000000000e+00 4.000000000000000000e+00 4.000000059604644775e-01 5.000000000000000000e+00
6.399999856948852539e-01 7.840000000000000000e+02 3.430000000000000000e+02 2.205000000000000000e+02 3.500000000000000000e+00 2.000000000000000000e+00 1.000000014901161194e-01 4.000000000000000000e+00
6.200000047683715820e-01 8.085000000000000000e+02 3.675000000000000000e+02 2.205000000000000000e+02 3.500000000000000000e+00 4.000000000000000000e+00 2.500000000000000000e-01 1.000000000000000000e+00
7.099999785423278809e-01 7.105000000000000000e+02 2.695000000000000000e+02 2.205000000000000000e+02 3.500000000000000000e+00 4.000000000000000000e+00 4.000000059604644775e-01 1.000000000000000000e+00
8.600000143051147461e-01 5.880000000000000000e+02 2.940000000000000000e+02 1.470000000000000000e+02 7.000000000000000000e+00 3.000000000000000000e+00 2.500000000000000000e-01 2.000000000000000000e+00
9.800000190734863281e-01 5.145000000000000000e+02 2.940000000000000000e+02 1.102500000000000000e+02 7.000000000000000000e+00 5.000000000000000000e+00 0.000000000000000000e+00 0.000000000000000000e+00
7.099999785423278809e-01 7.105000000000000000e+02 2.695000000000000000e+02 2.205000000000000000e+02 3.500000000000000000e+00 3.000000000000000000e+00 4.000000059604644775e-01 4.000000000000000000e+00
8.999999761581420898e-01 5.635000000000000000e+02 3.185000000000000000e+02 1.225000000000000000e+02 7.000000000000000000e+00 2.000000000000000000e+00 4.000000059604644775e-01 4.000000000000000000e+00
7.099999785423278809e-01 7.105000000000000000e+02 2.695000000000000000e+02 2.205000000000000000e+02 3.500000000000000000e+00 2.000000000000000000e+00 1.000000014901161194e-01 3.000000000000000000e+00
8.199999928474426270e-01 6.125000000000000000e+02 3.185000000000000000e+02 1.470000000000000000e+02 7.000000000000000000e+00 3.000000000000000000e+00 0.000000000000000000e+00 0.000000000000000000e+00
7.900000214576721191e-01 6.370000000000000000e+02 3.430000000000000000e+02 1.470000000000000000e+02 7.000000000000000000e+00 5.000000000000000000e+00 0.000000000000000000e+00 0.000000000000000000e+00
6.899999976158142090e-01 7.350000000000000000e+02 2.940000000000000000e+02 2.205000000000000000e+02 3.500000000000000000e+00 3.000000000000000000e+00 2.500000000000000000e-01 5.000000000000000000e+00
6.600000262260437012e-01 7.595000000000000000e+02 3.185000000000000000e+02 2.205000000000000000e+02 3.500000000000000000e+00 3.000000000000000000e+00 4.000000059604644775e-01 1.000000000000000000e+00
7.099999785423278809e-01 7.105000000000000000e+02 2.695000000000000000e+02 2.205000000000000000e+02 3.500000000000000000e+00 2.000000000000000000e+00 2.500000000000000000e-01 5.000000000000000000e+00
8.999999761581420898e-01 5.635000000000000000e+02 3.185000000000000000e+02 1.225000000000000000e+02 7.000000000000000000e+00 4.000000000000000000e+00 1.000000014901161194e-01 3.000000000000000000e+00
6.399999856948852539e-01 7.840000000000000000e+02 3.430000000000000000e+02 2.205000000000000000e+02 3.500000000000000000e+00 4.000000000000000000e+00 2.500000000000000000e-01 4.000000000000000000e+00
7.400000095367431641e-01 6.860000000000000000e+02 2.450000000000000000e+02 2.205000000000000000e+02 3.500000000000000000e+00 2.000000000000000000e+00 4.000000059604644775e-01 2.000000000000000000e+00
8.999999761581420898e-01 5.635000000000000000e+02 3.185000000000000000e+02 1.225000000000000000e+02 7.000000000000000000e+00 2.000000000000000000e+00 2.500000000000000000e-01 1.000000000000000000e+00
6.200000047683715820e-01 8.085000000000000000e+02 3.675000000000000000e+02 2.205000000000000000e+02 3.500000000000000000e+00 3.000000000000000000e+00 2.500000000000000000e-01 3.000000000000000000e+00
8.600000143051147461e-01 5.880000000000000000e+02 2.940000000000000000e+02 1.470000000000000000e+02 7.000000000000000000e+00 5.000000000000000000e+00 1.000000014901161194e-01 1.000000000000000000e+00
7.099999785423278809e-01 7.105000000000000000e+02 2.695000000000000000e+02 2.205000000000000000e+02 3.500000000000000000e+00 5.000000000000000000e+00 1.000000014901161194e-01 2.000000000000000000e+00
6.200000047683715820e-01 8.085000000000000000e+02 3.675000000000000000e+02 2.205000000000000000e+02 3.500000000000000000e+00 2.000000000000000000e+00 4.000000059604644775e-01 1.000000000000000000e+00
6.399999856948852539e-01 7.840000000000000000e+02 3.430000000000000000e+02 2.205000000000000000e+02 3.500000000000000000e+00 3.000000000000000000e+00 2.500000000000000000e-01 3.000000000000000000e+00
8.600000143051147461e-01 5.880000000000000000e+02 2.940000000000000000e+02 1.470000000000000000e+02 7.000000000000000000e+00 3.000000000000000000e+00 2.500000000000000000e-01 5.000000000000000000e+00
6.399999856948852539e-01 7.840000000000000000e+02 3.430000000000000000e+02 2.205000000000000000e+02 3.500000000000000000e+00 5.000000000000000000e+00 1.000000014901161194e-01 1.000000000000000000e+00
7.400000095367431641e-01 6.860000000000000000e+02 2.450000000000000000e+02 2.205000000000000000e+02 3.500000000000000000e+00 2.000000000000000000e+00 4.000000059604644775e-01 4.000000000000000000e+00
6.200000047683715820e-01 8.085000000000000000e+02 3.675000000000000000e+02 2.205000000000000000e+02 3.500000000000000000e+00 4.000000000000000000e+00 2.500000000000000000e-01 5.000000000000000000e+00
6.899999976158142090e-01 7.350000000000000000e+02 2.940000000000000000e+02 2.205000000000000000e+02 3.500000000000000000e+00 4.000000000000000000e+00 0.000000000000000000e+00 0.000000000000000000e+00
6.899999976158142090e-01 7.350000000000000000e+02 2.940000000000000000e+02 2.205000000000000000e+02 3.500000000000000000e+00 5.000000000000000000e+00 4.000000059604644775e-01 5.000000000000000000e+00
6.399999856948852539e-01 7.840000000000000000e+02 3.430000000000000000e+02 2.205000000000000000e+02 3.500000000000000000e+00 2.000000000000000000e+00 1.000000014901161194e-01 3.000000000000000000e+00
7.599999904632568359e-01 6.615000000000000000e+02 4.165000000000000000e+02 1.225000000000000000e+02 7.000000000000000000e+00 5.000000000000000000e+00 1.000000014901161194e-01 1.000000000000000000e+00
8.199999928474426270e-01 6.125000000000000000e+02 3.185000000000000000e+02 1.470000000000000000e+02 7.000000000000000000e+00 2.000000000000000000e+00 2.500000000000000000e-01 4.000000000000000000e+00
9.800000190734863281e-01 5.145000000000000000e+02 2.940000000000000000e+02 1.102500000000000000e+02 7.000000000000000000e+00 3.000000000000000000e+00 0.000000000000000000e+00 0.000000000000000000e+00
8.199999928474426270e-01 6.125000000000000000e+02 3.185000000000000000e+02 1.470000000000000000e+02 7.000000000000000000e+00 3.000000000000000000e+00 1.000000014901161194e-01 3.000000000000000000e+00
6.600000262260437012e-01 7.595000000000000000e+02 3.185000000000000000e+02 2.205000000000000000e+02 3.500000000000000000e+00 2.000000000000000000e+00 2.500000000000000000e-01 2.000000000000000000e+00
7.900000214576721191e-01 6.370000000000000000e+02 3.430000000000000000e+02 1.470000000000000000e+02 7.000000000000000000e+00 2.000000000000000000e+00 2.500000000000000000e-01 3.000000000000000000e+00
6.200000047683715820e-01 8.085000000000000000e+02 3.675000000000000000e+02 2.205000000000000000e+02 3.500000000000000000e+00 5.000000000000000000e+00 2.500000000000000000e-01 5.000000000000000000e+00
9.800000190734863281e-01 5.145000000000000000e+02 2.940000000000000000e+02 1.102500000000000000e+02 7.000000000000000000e+00 3.000000000000000000e+00 4.000000059604644775e-01 3.000000000000000000e+00
6.200000047683715820e-01 8.085000000000000000e+02 3.675000000000000000e+02 2.205000000000000000e+02 3.500000000000000000e+00 3.000000000000000000e+00 1.000000014901161194e-01 4.000000000000000000e+00
7.900000214576721191e-01 6.370000000000000000e+02 3.430000000000000000e+02 1.470000000000000000e+02 7.000000000000000000e+00 4.000000000000000000e+00 1.000000014901161194e-01 1.000000000000000000e+00
8.600000143051147461e-01 5.880000000000000000e+02 2.940000000000000000e+02 1.470000000000000000e+02 7.000000000000000000e+00 3.000000000000000000e+00 1.000000014901161194e-01 3.000000000000000000e+00
7.099999785423278809e-01 7.105000000000000000e+02 2.695000000000000000e+02 2.205000000000000000e+02 3.500000000000000000e+00 4.000000000000000000e+00 2.500000000000000000e-01 2.000000000000000000e+00
6.600000262260437012e-01 7.595000000000000000e+02 3.185000000000000000e+02 2.205000000000000000e+02 3.500000000000000000e+00 2.000000000000000000e+00 1.000000014901161194e-01 3.000000000000000000e+00
8.999999761581420898e-01 5.635000000000000000e+02 3.185000000000000000e+02 1.225000000000000000e+02 7.000000000000000000e+00 5.000000000000000000e+00 1.000000014901161194e-01 3.000000000000000000e+00
6.600000262260437012e-01 7.595000000000000000e+02 3.185000000000000000e+02 2.205000000000000000e+02 3.500000000000000000e+00 4.000000000000000000e+00 1.000000014901161194e-01 2.000000000000000000e+00
6.200000047683715820e-01 8.085000000000000000e+02 3.675000000000000000e+02 2.205000000000000000e+02 3.500000000000000000e+00 2.000000000000000000e+00 4.000000059604644775e-01 3.000000000000000000e+00
7.599999904632568359e-01 6.615000000000000000e+02 4.165000000000000000e+02 1.225000000000000000e+02 7.000000000000000000e+00 2.000000000000000000e+00 1.000000014901161194e-01 2.000000000000000000e+00
8.199999928474426270e-01 6.125000000000000000e+02 3.185000000000000000e+02 1.470000000000000000e+02 7.000000000000000000e+00 4.000000000000000000e+00 2.500000000000000000e-01 5.000000000000000000e+00
7.400000095367431641e-01 6.860000000000000000e+02 2.450000000000000000e+02 2.205000000000000000e+02 3.500000000000000000e+00 3.000000000000000000e+00 1.000000014901161194e-01 3.000000000000000000e+00
6.600000262260437012e-01 7.595000000000000000e+02 3.185000000000000000e+02 2.205000000000000000e+02 3.500000000000000000e+00 2.000000000000000000e+00 2.500000000000000000e-01 3.000000000000000000e+00
8.600000143051147461e-01 5.880000000000000000e+02 2.940000000000000000e+02 1.470000000000000000e+02 7.000000000000000000e+00 5.000000000000000000e+00 4.000000059604644775e-01 4.000000000000000000e+00
7.599999904632568359e-01 6.615000000000000000e+02 4.165000000000000000e+02 1.225000000000000000e+02 7.000000000000000000e+00 4.000000000000000000e+00 4.000000059604644775e-01 4.000000000000000000e+00
9.800000190734863281e-01 5.145000000000000000e+02 2.940000000000000000e+02 1.102500000000000000e+02 7.000000000000000000e+00 4.000000000000000000e+00 0.000000000000000000e+00 0.000000000000000000e+00
6.200000047683715820e-01 8.085000000000000000e+02 3.675000000000000000e+02 2.205000000000000000e+02 3.500000000000000000e+00 5.000000000000000000e+00 4.000000059604644775e-01 3.000000000000000000e+00
7.599999904632568359e-01 6.615000000000000000e+02 4.165000000000000000e+02 1.225000000000000000e+02 7.000000000000000000e+00 5.000000000000000000e+00 4.000000059604644775e-01 1.000000000000000000e+00
8.999999761581420898e-01 5.635000000000000000e+02 3.185000000000000000e+02 1.225000000000000000e+02 7.000000000000000000e+00 3.000000000000000000e+00 1.000000014901161194e-01 3.000000000000000000e+00
6.600000262260437012e-01 7.595000000000000000e+02 3.185000000000000000e+02 2.205000000000000000e+02 3.500000000000000000e+00 4.000000000000000000e+00 2.500000000000000000e-01 5.000000000000000000e+00
7.099999785423278809e-01 7.105000000000000000e+02 2.695000000000000000e+02 2.205000000000000000e+02 3.500000000000000000e+00 5.000000000000000000e+00 4.000000059604644775e-01 4.000000000000000000e+00
6.899999976158142090e-01 7.350000000000000000e+02 2.940000000000000000e+02 2.205000000000000000e+02 3.500000000000000000e+00 5.000000000000000000e+00 2.500000000000000000e-01 2.000000000000000000e+00
9.800000190734863281e-01 5.145000000000000000e+02 2.940000000000000000e+02 1.102500000000000000e+02 7.000000000000000000e+00 4.000000000000000000e+00 1.000000014901161194e-01 3.000000000000000000e+00
6.899999976158142090e-01 7.350000000000000000e+02 2.940000000000000000e+02 2.205000000000000000e+02 3.500000000000000000e+00 3.000000000000000000e+00 0.000000000000000000e+00 0.000000000000000000e+00
7.400000095367431641e-01 6.860000000000000000e+02 2.450000000000000000e+02 2.205000000000000000e+02 3.500000000000000000e+00 4.000000000000000000e+00 1.000000014901161194e-01 2.000000000000000000e+00
7.400000095367431641e-01 6.860000000000000000e+02 2.450000000000000000e+02 2.205000000000000000e+02 3.500000000000000000e+00 2.000000000000000000e+00 4.000000059604644775e-01 5.000000000000000000e+00
6.399999856948852539e-01 7.840000000000000000e+02 3.430000000000000000e+02 2.205000000000000000e+02 3.500000000000000000e+00 4.000000000000000000e+00 2.500000000000000000e-01 3.000000000000000000e+00
7.900000214576721191e-01 6.370000000000000000e+02 3.430000000000000000e+02 1.470000000000000000e+02 7.000000000000000000e+00 5.000000000000000000e+00 1.000000014901161194e-01 2.000000000000000000e+00
6.600000262260437012e-01 7.595000000000000000e+02 3.185000000000000000e+02 2.205000000000000000e+02 3.500000000000000000e+00 5.000000000000000000e+00 1.000000014901161194e-01 2.000000000000000000e+00
6.899999976158142090e-01 7.350000000000000000e+02 2.940000000000000000e+02 2.205000000000000000e+02 3.500000000000000000e+00 2.000000000000000000e+00 1.000000014901161194e-01 3.000000000000000000e+00
6.399999856948852539e-01 7.840000000000000000e+02 3.430000000000000000e+02 2.205000000000000000e+02 3.500000000000000000e+00 5.000000000000000000e+00 2.500000000000000000e-01 3.000000000000000000e+00
6.399999856948852539e-01 7.840000000000000000e+02 3.430000000000000000e+02 2.205000000000000000e+02 3.500000000000000000e+00 3.000000000000000000e+00 2.500000000000000000e-01 5.000000000000000000e+00
6.899999976158142090e-01 7.350000000000000000e+02 2.940000000000000000e+02 2.205000000000000000e+02 3.500000000000000000e+00 2.000000000000000000e+00 4.000000059604644775e-01 3.000000000000000000e+00
6.899999976158142090e-01 7.350000000000000000e+02 2.940000000000000000e+02 2.205000000000000000e+02 3.500000000000000000e+00 4.000000000000000000e+00 4.000000059604644775e-01 2.000000000000000000e+00
6.200000047683715820e-01 8.085000000000000000e+02 3.675000000000000000e+02 2.205000000000000000e+02 3.500000000000000000e+00 2.000000000000000000e+00 1.000000014901161194e-01 3.000000000000000000e+00
8.999999761581420898e-01 5.635000000000000000e+02 3.185000000000000000e+02 1.225000000000000000e+02 7.000000000000000000e+00 3.000000000000000000e+00 4.000000059604644775e-01 3.000000000000000000e+00
6.600000262260437012e-01 7.595000000000000000e+02 3.185000000000000000e+02 2.205000000000000000e+02 3.500000000000000000e+00 4.000000000000000000e+00 4.000000059604644775e-01 2.000000000000000000e+00
6.899999976158142090e-01 7.350000000000000000e+02 2.940000000000000000e+02 2.205000000000000000e+02 3.500000000000000000e+00 3.000000000000000000e+00 1.000000014901161194e-01 1.000000000000000000e+00
8.999999761581420898e-01 5.635000000000000000e+02 3.185000000000000000e+02 1.225000000000000000e+02 7.000000000000000000e+00 4.000000000000000000e+00 4.000000059604644775e-01 3.000000000000000000e+00
7.900000214576721191e-01 6.370000000000000000e+02 3.430000000000000000e+02 1.470000000000000000e+02 7.000000000000000000e+00 2.000000000000000000e+00 4.000000059604644775e-01 4.000000000000000000e+00
6.600000262260437012e-01 7.595000000000000000e+02 3.185000000000000000e+02 2.205000000000000000e+02 3.500000000000000000e+00 4.000000000000000000e+00 4.000000059604644775e-01 4.000000000000000000e+00
6.200000047683715820e-01 8.085000000000000000e+02 3.675000000000000000e+02 2.205000000000000000e+02 3.500000000000000000e+00 5.000000000000000000e+00 2.500000000000000000e-01 4.000000000000000000e+00
8.600000143051147461e-01 5.880000000000000000e+02 2.940000000000000000e+02 1.470000000000000000e+02 7.000000000000000000e+00 3.000000000000000000e+00 4.000000059604644775e-01 5.000000000000000000e+00
6.200000047683715820e-01 8.085000000000000000e+02 3.675000000000000000e+02 2.205000000000000000e+02 3.500000000000000000e+00 2.000000000000000000e+00 2.500000000000000000e-01 3.000000000000000000e+00
8.999999761581420898e-01 5.635000000000000000e+02 3.185000000000000000e+02 1.225000000000000000e+02 7.000000000000000000e+00 5.000000000000000000e+00 2.500000000000000000e-01 2.000000000000000000e+00
9.800000190734863281e-01 5.145000000000000000e+02 2.940000000000000000e+02 1.102500000000000000e+02 7.000000000000000000e+00 2.000000000000000000e+00 4.000000059604644775e-01 3.000000000000000000e+00
7.400000095367431641e-01 6.860000000000000000e+02 2.450000000000000000e+02 2.205000000000000000e+02 3.500000000000000000e+00 4.000000000000000000e+00 1.000000014901161194e-01 5.000000000000000000e+00
7.900000214576721191e-01 6.370000000000000000e+02 3.430000000000000000e+02 1.470000000000000000e+02 7.000000000000000000e+00 5.000000000000000000e+00 4.000000059604644775e-01 4.000000000000000000e+00
6.200000047683715820e-01 8.085000000000000000e+02 3.675000000000000000e+02 2.205000000000000000e+02 3.500000000000000000e+00 3.000000000000000000e+00 0.000000000000000000e+00 0.000000000000000000e+00
8.199999928474426270e-01 6.125000000000000000e+02 3.185000000000000000e+02 1.470000000000000000e+02 7.000000000000000000e+00 4.000000000000000000e+00 0.000000000000000000e+00 0.000000000000000000e+00
6.399999856948852539e-01 7.840000000000000000e+02 3.430000000000000000e+02 2.205000000000000000e+02 3.500000000000000000e+00 3.000000000000000000e+00 0.000000000000000000e+00 0.000000000000000000e+00
6.899999976158142090e-01 7.350000000000000000e+02 2.940000000000000000e+02 2.205000000000000000e+02 3.500000000000000000e+00 5.000000000000000000e+00 1.000000014901161194e-01 4.000000000000000000e+00
7.099999785423278809e-01 7.105000000000000000e+02 2.695000000000000000e+02 2.205000000000000000e+02 3.500000000000000000e+00 5.000000000000000000e+00 4.000000059604644775e-01 5.000000000000000000e+00
7.900000214576721191e-01 6.370000000000000000e+02 3.430000000000000000e+02 1.470000000000000000e+02 7.000000000000000000e+00 4.000000000000000000e+00 1.000000014901161194e-01 2.000000000000000000e+00
8.600000143051147461e-01 5.880000000000000000e+02 2.940000000000000000e+02 1.470000000000000000e+02 7.000000000000000000e+00 4.000000000000000000e+00 1.000000014901161194e-01 4.000000000000000000e+00
6.600000262260437012e-01 7.595000000000000000e+02 3.185000000000000000e+02 2.205000000000000000e+02 3.500000000000000000e+00 5.000000000000000000e+00 4.000000059604644775e-01 4.000000000000000000e+00
6.399999856948852539e-01 7.840000000000000000e+02 3.430000000000000000e+02 2.205000000000000000e+02 3.500000000000000000e+00 2.000000000000000000e+00 1.000000014901161194e-01 1.000000000000000000e+00
6.600000262260437012e-01 7.595000000000000000e+02 3.185000000000000000e+02 2.205000000000000000e+02 3.500000000000000000e+00 5.000000000000000000e+00 2.500000000000000000e-01 4.000000000000000000e+00
7.400000095367431641e-01 6.860000000000000000e+02 2.450000000000000000e+02 2.205000000000000000e+02 3.500000000000000000e+00 4.000000000000000000e+00 1.000000014901161194e-01 1.000000000000000000e+00
6.600000262260437012e-01 7.595000000000000000e+02 3.185000000000000000e+02 2.205000000000000000e+02 3.500000000000000000e+00 5.000000000000000000e+00 4.000000059604644775e-01 3.000000000000000000e+00
8.999999761581420898e-01 5.635000000000000000e+02 3.185000000000000000e+02 1.225000000000000000e+02 7.000000000000000000e+00 5.000000000000000000e+00 0.000000000000000000e+00 0.000000000000000000e+00
6.399999856948852539e-01 7.840000000000000000e+02 3.430000000000000000e+02 2.205000000000000000e+02 3.500000000000000000e+00 4.000000000000000000e+00 1.000000014901161194e-01 1.000000000000000000e+00
7.099999785423278809e-01 7.105000000000000000e+02 2.695000000000000000e+02 2.205000000000000000e+02 3.500000000000000000e+00 4.000000000000000000e+00 1.000000014901161194e-01 1.000000000000000000e+00
9.800000190734863281e-01 5.145000000000000000e+02 2.940000000000000000e+02 1.102500000000000000e+02 7.000000000000000000e+00 4.000000000000000000e+00 1.000000014901161194e-01 4.000000000000000000e+00
8.199999928474426270e-01 6.125000000000000000e+02 3.185000000000000000e+02 1.470000000000000000e+02 7.000000000000000000e+00 2.000000000000000000e+00 2.500000000000000000e-01 3.000000000000000000e+00
9.800000190734863281e-01 5.145000000000000000e+02 2.940000000000000000e+02 1.102500000000000000e+02 7.000000000000000000e+00 5.000000000000000000e+00 4.000000059604644775e-01 5.000000000000000000e+00
8.999999761581420898e-01 5.635000000000000000e+02 3.185000000000000000e+02 1.225000000000000000e+02 7.000000000000000000e+00 3.000000000000000000e+00 1.000000014901161194e-01 4.000000000000000000e+00
9.800000190734863281e-01 5.145000000000000000e+02 2.940000000000000000e+02 1.102500000000000000e+02 7.000000000000000000e+00 2.000000000000000000e+00 2.500000000000000000e-01 4.000000000000000000e+00
8.600000143051147461e-01 5.880000000000000000e+02 2.940000000000000000e+02 1.470000000000000000e+02 7.000000000000000000e+00 5.000000000000000000e+00 0.000000000000000000e+00 0.000000000000000000e+00
7.599999904632568359e-01 6.615000000000000000e+02 4.165000000000000000e+02 1.225000000000000000e+02 7.000000000000000000e+00 5.000000000000000000e+00 1.000000014901161194e-01 3.000000000000000000e+00
9.800000190734863281e-01 5.145000000000000000e+02 2.940000000000000000e+02 1.102500000000000000e+02 7.000000000000000000e+00 5.000000000000000000e+00 1.000000014901161194e-01 4.000000000000000000e+00
7.400000095367431641e-01 6.860000000000000000e+02 2.450000000000000000e+02 2.205000000000000000e+02 3.500000000000000000e+00 3.000000000000000000e+00 1.000000014901161194e-01 2.000000000000000000e+00
7.400000095367431641e-01 6.860000000000000000e+02 2.450000000000000000e+02 2.205000000000000000e+02 3.500000000000000000e+00 3.000000000000000000e+00 2.500000000000000000e-01 1.000000000000000000e+00
7.099999785423278809e-01 7.105000000000000000e+02 2.695000000000000000e+02 2.205000000000000000e+02 3.500000000000000000e+00 5.000000000000000000e+00 0.000000000000000000e+00 0.000000000000000000e+00
7.400000095367431641e-01 6.860000000000000000e+02 2.450000000000000000e+02 2.205000000000000000e+02 3.500000000000000000e+00 3.000000000000000000e+00 4.000000059604644775e-01 5.000000000000000000e+00
6.200000047683715820e-01 8.085000000000000000e+02 3.675000000000000000e+02 2.205000000000000000e+02 3.500000000000000000e+00 2.000000000000000000e+00 0.000000000000000000e+00 0.000000000000000000e+00
6.200000047683715820e-01 8.085000000000000000e+02 3.675000000000000000e+02 2.205000000000000000e+02 3.500000000000000000e+00 5.000000000000000000e+00 4.000000059604644775e-01 5.000000000000000000e+00
7.400000095367431641e-01 6.860000000000000000e+02 2.450000000000000000e+02 2.205000000000000000e+02 3.500000000000000000e+00 2.000000000000000000e+00 4.000000059604644775e-01 3.000000000000000000e+00
8.999999761581420898e-01 5.635000000000000000e+02 3.185000000000000000e+02 1.225000000000000000e+02 7.000000000000000000e+00 4.000000000000000000e+00 4.000000059604644775e-01 4.000000000000000000e+00
9.800000190734863281e-01 5.145000000000000000e+02 2.940000000000000000e+02 1.102500000000000000e+02 7.000000000000000000e+00 3.000000000000000000e+00 1.000000014901161194e-01 5.000000000000000000e+00
8.199999928474426270e-01 6.125000000000000000e+02 3.185000000000000000e+02 1.470000000000000000e+02 7.000000000000000000e+00 5.000000000000000000e+00 1.000000014901161194e-01 2.000000000000000000e+00
6.200000047683715820e-01 8.085000000000000000e+02 3.675000000000000000e+02 2.205000000000000000e+02 3.500000000000000000e+00 2.000000000000000000e+00 1.000000014901161194e-01 2.000000000000000000e+00
8.600000143051147461e-01 5.880000000000000000e+02 2.940000000000000000e+02 1.470000000000000000e+02 7.000000000000000000e+00 3.000000000000000000e+00 1.000000014901161194e-01 5.000000000000000000e+00
6.399999856948852539e-01 7.840000000000000000e+02 3.430000000000000000e+02 2.205000000000000000e+02 3.500000000000000000e+00 5.000000000000000000e+00 4.000000059604644775e-01 1.000000000000000000e+00
7.099999785423278809e-01 7.105000000000000000e+02 2.695000000000000000e+02 2.205000000000000000e+02 3.500000000000000000e+00 2.000000000000000000e+00 4.000000059604644775e-01 3.000000000000000000e+00
8.600000143051147461e-01 5.880000000000000000e+02 2.940000000000000000e+02 1.470000000000000000e+02 7.000000000000000000e+00 5.000000000000000000e+00 1.000000014901161194e-01 3.000000000000000000e+00
6.200000047683715820e-01 8.085000000000000000e+02 3.675000000000000000e+02 2.205000000000000000e+02 3.500000000000000000e+00 3.000000000000000000e+00 1.000000014901161194e-01 3.000000000000000000e+00
8.999999761581420898e-01 5.635000000000000000e+02 3.185000000000000000e+02 1.225000000000000000e+02 7.000000000000000000e+00 4.000000000000000000e+00 1.000000014901161194e-01 2.000000000000000000e+00
6.899999976158142090e-01 7.350000000000000000e+02 2.940000000000000000e+02 2.205000000000000000e+02 3.500000000000000000e+00 5.000000000000000000e+00 4.000000059604644775e-01 2.000000000000000000e+00
6.899999976158142090e-01 7.350000000000000000e+02 2.940000000000000000e+02 2.205000000000000000e+02 3.500000000000000000e+00 5.000000000000000000e+00 1.000000014901161194e-01 1.000000000000000000e+00
7.900000214576721191e-01 6.370000000000000000e+02 3.430000000000000000e+02 1.470000000000000000e+02 7.000000000000000000e+00 3.000000000000000000e+00 1.000000014901161194e-01 1.000000000000000000e+00
7.900000214576721191e-01 6.370000000000000000e+02 3.430000000000000000e+02 1.470000000000000000e+02 7.000000000000000000e+00 3.000000000000000000e+00 2.500000000000000000e-01 2.000000000000000000e+00
6.899999976158142090e-01 7.350000000000000000e+02 2.940000000000000000e+02 2.205000000000000000e+02 3.500000000000000000e+00 4.000000000000000000e+00 1.000000014901161194e-01 3.000000000000000000e+00
7.900000214576721191e-01 6.370000000000000000e+02 3.430000000000000000e+02 1.470000000000000000e+02 7.000000000000000000e+00 5.000000000000000000e+00 1.000000014901161194e-01 3.000000000000000000e+00
6.200000047683715820e-01 8.085000000000000000e+02 3.675000000000000000e+02 2.205000000000000000e+02 3.500000000000000000e+00 4.000000000000000000e+00 4.000000059604644775e-01 2.000000000000000000e+00
8.199999928474426270e-01 6.125000000000000000e+02 3.185000000000000000e+02 1.470000000000000000e+02 7.000000000000000000e+00 2.000000000000000000e+00 4.000000059604644775e-01 5.000000000000000000e+00
6.399999856948852539e-01 7.840000000000000000e+02 3.430000000000000000e+02 2.205000000000000000e+02 3.500000000000000000e+00 3.000000000000000000e+00 4.000000059604644775e-01 3.000000000000000000e+00
7.099999785423278809e-01 7.105000000000000000e+02 2.695000000000000000e+02 2.205000000000000000e+02 3.500000000000000000e+00 4.000000000000000000e+00 1.000000014901161194e-01 2.000000000000000000e+00
6.200000047683715820e-01 8.085000000000000000e+02 3.675000000000000000e+02 2.205000000000000000e+02 3.500000000000000000e+00 3.000000000000000000e+00 1.000000014901161194e-01 5.000000000000000000e+00
8.999999761581420898e-01 5.635000000000000000e+02 3.185000000000000000e+02 1.225000000000000000e+02 7.000000000000000000e+00 5.000000000000000000e+00 4.000000059604644775e-01 1.000000000000000000e+00
8.600000143051147461e-01 5.880000000000000000e+02 2.940000000000000000e+02 1.470000000000000000e+02 7.000000000000000000e+00 4.000000000000000000e+00 4.000000059604644775e-01 5.000000000000000000e+00
6.200000047683715820e-01 8.085000000000000000e+02 3.675000000000000000e+02 2.205000000000000000e+02 3.500000000000000000e+00 3.000000000000000000e+00 1.000000014901161194e-01 2.000000000000000000e+00
9.800000190734863281e-01 5.145000000000000000e+02 2.940000000000000000e+02 1.102500000000000000e+02 7.000000000000000000e+00 4.000000000000000000e+00 2.500000000000000000e-01 5.000000000000000000e+00
6.399999856948852539e-01 7.840000000000000000e+02 3.430000000000000000e+02 2.205000000000000000e+02 3.500000000000000000e+00 4.000000000000000000e+00 2.500000000000000000e-01 2.000000000000000000e+00
8.199999928474426270e-01 6.125000000000000000e+02 3.185000000000000000e+02 1.470000000000000000e+02 7.000000000000000000e+00 4.000000000000000000e+00 1.000000014901161194e-01 1.000000000000000000e+00
6.399999856948852539e-01 7.840000000000000000e+02 3.430000000000000000e+02 2.205000000000000000e+02 3.500000000000000000e+00 2.000000000000000000e+00 2.500000000000000000e-01 1.000000000000000000e+00
6.600000262260437012e-01 7.595000000000000000e+02 3.185000000000000000e+02 2.205000000000000000e+02 3.500000000000000000e+00 3.000000000000000000e+00 1.000000014901161194e-01 2.000000000000000000e+00
8.199999928474426270e-01 6.125000000000000000e+02 3.185000000000000000e+02 1.470000000000000000e+02 7.000000000000000000e+00 4.000000000000000000e+00 1.000000014901161194e-01 2.000000000000000000e+00
6.899999976158142090e-01 7.350000000000000000e+02 2.940000000000000000e+02 2.205000000000000000e+02 3.500000000000000000e+00 5.000000000000000000e+00 0.000000000000000000e+00 0.000000000000000000e+00
7.599999904632568359e-01 6.615000000000000000e+02 4.165000000000000000e+02 1.225000000000000000e+02 7.000000000000000000e+00 4.000000000000000000e+00 2.500000000000000000e-01 5.000000000000000000e+00
8.199999928474426270e-01 6.125000000000000000e+02 3.185000000000000000e+02 1.470000000000000000e+02 7.000000000000000000e+00 2.000000000000000000e+00 1.000000014901161194e-01 2.000000000000000000e+00
8.600000143051147461e-01 5.880000000000000000e+02 2.940000000000000000e+02 1.470000000000000000e+02 7.000000000000000000e+00 5.000000000000000000e+00 4.000000059604644775e-01 1.000000000000000000e+00
6.200000047683715820e-01 8.085000000000000000e+02 3.675000000000000000e+02 2.205000000000000000e+02 3.500000000000000000e+00 5.000000000000000000e+00 2.500000000000000000e-01 3.000000000000000000e+00
7.400000095367431641e-01 6.860000000000000000e+02 2.450000000000000000e+02 2.205000000000000000e+02 3.500000000000000000e+00 5.000000000000000000e+00 4.000000059604644775e-01 4.000000000000000000e+00
7.900000214576721191e-01 6.370000000000000000e+02 3.430000000000000000e+02 1.470000000000000000e+02 7.000000000000000000e+00 3.000000000000000000e+00 4.000000059604644775e-01 4.000000000000000000e+00
8.199999928474426270e-01 6.125000000000000000e+02 3.185000000000000000e+02 1.470000000000000000e+02 7.000000000000000000e+00 5.000000000000000000e+00 1.000000014901161194e-01 3.000000000000000000e+00
7.099999785423278809e-01 7.105000000000000000e+02 2.695000000000000000e+02 2.205000000000000000e+02 3.500000000000000000e+00 5.000000000000000000e+00 2.500000000000000000e-01 2.000000000000000000e+00
6.399999856948852539e-01 7.840000000000000000e+02 3.430000000000000000e+02 2.205000000000000000e+02 3.500000000000000000e+00 4.000000000000000000e+00 4.000000059604644775e-01 4.000000000000000000e+00
6.200000047683715820e-01 8.085000000000000000e+02 3.675000000000000000e+02 2.205000000000000000e+02 3.500000000000000000e+00 5.000000000000000000e+00 1.000000014901161194e-01 1.000000000000000000e+00
6.600000262260437012e-01 7.595000000000000000e+02 3.185000000000000000e+02 2.205000000000000000e+02 3.500000000000000000e+00 3.000000000000000000e+00 0.000000000000000000e+00 0.000000000000000000e+00
9.800000190734863281e-01 5.145000000000000000e+02 2.940000000000000000e+02 1.102500000000000000e+02 7.000000000000000000e+00 2.000000000000000000e+00 2.500000000000000000e-01 1.000000000000000000e+00
7.400000095367431641e-01 6.860000000000000000e+02 2.450000000000000000e+02 2.205000000000000000e+02 3.500000000000000000e+00 3.000000000000000000e+00 4.000000059604644775e-01 3.000000000000000000e+00
6.899999976158142090e-01 7.350000000000000000e+02 2.940000000000000000e+02 2.205000000000000000e+02 3.500000000000000000e+00 2.000000000000000000e+00 1.000000014901161194e-01 2.000000000000000000e+00
8.199999928474426270e-01 6.125000000000000000e+02 3.185000000000000000e+02 1.470000000000000000e+02 7.000000000000000000e+00 3.000000000000000000e+00 1.000000014901161194e-01 2.000000000000000000e+00
8.600000143051147461e-01 5.880000000000000000e+02 2.940000000000000000e+02 1.470000000000000000e+02 7.000000000000000000e+00 5.000000000000000000e+00 4.000000059604644775e-01 3.000000000000000000e+00
8.199999928474426270e-01 6.125000000000000000e+02 3.185000000000000000e+02 1.470000000000000000e+02 7.000000000000000000e+00 3.000000000000000000e+00 4.000000059604644775e-01 2.000000000000000000e+00
6.399999856948852539e-01 7.840000000000000000e+02 3.430000000000000000e+02 2.205000000000000000e+02 3.500000000000000000e+00 2.000000000000000000e+00 4.000000059604644775e-01 1.000000000000000000e+00
6.600000262260437012e-01 7.595000000000000000e+02 3.185000000000000000e+02 2.205000000000000000e+02 3.500000000000000000e+00 3.000000000000000000e+00 1.000000014901161194e-01 5.000000000000000000e+00
7.599999904632568359e-01 6.615000000000000000e+02 4.165000000000000000e+02 1.225000000000000000e+02 7.000000000000000000e+00 3.000000000000000000e+00 1.000000014901161194e-01 1.000000000000000000e+00
7.900000214576721191e-01 6.370000000000000000e+02 3.430000000000000000e+02 1.470000000000000000e+02 7.000000000000000000e+00 5.000000000000000000e+00 2.500000000000000000e-01 1.000000000000000000e+00
7.599999904632568359e-01 6.615000000000000000e+02 4.165000000000000000e+02 1.225000000000000000e+02 7.000000000000000000e+00 5.000000000000000000e+00 4.000000059604644775e-01 3.000000000000000000e+00
8.999999761581420898e-01 5.635000000000000000e+02 3.185000000000000000e+02 1.225000000000000000e+02 7.000000000000000000e+00 2.000000000000000000e+00 1.000000014901161194e-01 1.000000000000000000e+00
7.599999904632568359e-01 6.615000000000000000e+02 4.165000000000000000e+02 1.225000000000000000e+02 7.000000000000000000e+00 4.000000000000000000e+00 1.000000014901161194e-01 2.000000000000000000e+00
8.199999928474426270e-01 6.125000000000000000e+02 3.185000000000000000e+02 1.470000000000000000e+02 7.000000000000000000e+00 3.000000000000000000e+00 4.000000059604644775e-01 4.000000000000000000e+00
6.399999856948852539e-01 7.840000000000000000e+02 3.430000000000000000e+02 2.205000000000000000e+02 3.500000000000000000e+00 3.000000000000000000e+00 1.000000014901161194e-01 5.000000000000000000e+00
6.200000047683715820e-01 8.085000000000000000e+02 3.675000000000000000e+02 2.205000000000000000e+02 3.500000000000000000e+00 3.000000000000000000e+00 2.500000000000000000e-01 4.000000000000000000e+00
6.200000047683715820e-01 8.085000000000000000e+02 3.675000000000000000e+02 2.205000000000000000e+02 3.500000000000000000e+00 3.000000000000000000e+00 4.000000059604644775e-01 4.000000000000000000e+00
6.600000262260437012e-01 7.595000000000000000e+02 3.185000000000000000e+02 2.205000000000000000e+02 3.500000000000000000e+00 5.000000000000000000e+00 4.000000059604644775e-01 2.000000000000000000e+00
8.199999928474426270e-01 6.125000000000000000e+02 3.185000000000000000e+02 1.470000000000000000e+02 7.000000000000000000e+00 4.000000000000000000e+00 1.000000014901161194e-01 4.000000000000000000e+00
6.600000262260437012e-01 7.595000000000000000e+02 3.185000000000000000e+02 2.205000000000000000e+02 3.500000000000000000e+00 4.000000000000000000e+00 1.000000014901161194e-01 3.000000000000000000e+00
7.599999904632568359e-01 6.615000000000000000e+02 4.165000000000000000e+02 1.225000000000000000e+02 7.000000000000000000e+00 5.000000000000000000e+00 2.500000000000000000e-01 4.000000000000000000e+00
6.399999856948852539e-01 7.840000000000000000e+02 3.430000000000000000e+02 2.205000000000000000e+02 3.500000000000000000e+00 2.000000000000000000e+00 2.500000000000000000e-01 3.000000000000000000e+00
6.200000047683715820e-01 8.085000000000000000e+02 3.675000000000000000e+02 2.205000000000000000e+02 3.500000000000000000e+00 5.000000000000000000e+00 4.000000059604644775e-01 4.000000000000000000e+00
7.400000095367431641e-01 6.860000000000000000e+02 2.450000000000000000e+02 2.205000000000000000e+02 3.500000000000000000e+00 2.000000000000000000e+00 1.000000014901161194e-01 1.000000000000000000e+00
6.399999856948852539e-01 7.840000000000000000e+02 3.430000000000000000e+02 2.205000000000000000e+02 3.500000000000000000e+00 2.000000000000000000e+00 4.000000059604644775e-01 3.000000000000000000e+00
7.400000095367431641e-01 6.860000000000000000e+02 2.450000000000000000e+02 2.205000000000000000e+02 3.500000000000000000e+00 2.000000000000000000e+00 0.000000000000000000e+00 0.000000000000000000e+00
7.400000095367431641e-01 6.860000000000000000e+02 2.450000000000000000e+02 2.205000000000000000e+02 3.500000000000000000e+00 3.000000000000000000e+00 0.000000000000000000e+00 0.000000000000000000e+00
6.899999976158142090e-01 7.350000000000000000e+02 2.940000000000000000e+02 2.205000000000000000e+02 3.500000000000000000e+00 3.000000000000000000e+00 2.500000000000000000e-01 3.000000000000000000e+00
7.900000214576721191e-01 6.370000000000000000e+02 3.430000000000000000e+02 1.470000000000000000e+02 7.000000000000000000e+00 4.000000000000000000e+00 1.000000014901161194e-01 3.000000000000000000e+00
8.199999928474426270e-01 6.125000000000000000e+02 3.185000000000000000e+02 1.470000000000000000e+02 7.000000000000000000e+00 2.000000000000000000e+00 1.000000014901161194e-01 3.000000000000000000e+00
7.599999904632568359e-01 6.615000000000000000e+02 4.165000000000000000e+02 1.225000000000000000e+02 7.000000000000000000e+00 3.000000000000000000e+00 4.000000059604644775e-01 4.000000000000000000e+00
7.599999904632568359e-01 6.615000000000000000e+02 4.165000000000000000e+02 1.225000000000000000e+02 7.000000000000000000e+00 5.000000000000000000e+00 0.000000000000000000e+00 0.000000000000000000e+00
6.399999856948852539e-01 7.840000000000000000e+02 3.430000000000000000e+02 2.205000000000000000e+02 3.500000000000000000e+00 5.000000000000000000e+00 2.500000000000000000e-01 1.000000000000000000e+00
8.999999761581420898e-01 5.635000000000000000e+02 3.185000000000000000e+02 1.225000000000000000e+02 7.000000000000000000e+00 2.000000000000000000e+00 0.000000000000000000e+00 0.000000000000000000e+00
6.600000262260437012e-01 7.595000000000000000e+02 3.185000000000000000e+02 2.205000000000000000e+02 3.500000000000000000e+00 3.000000000000000000e+00 4.000000059604644775e-01 2.000000000000000000e+00
6.600000262260437012e-01 7.595000000000000000e+02 3.185000000000000000e+02 2.205000000000000000e+02 3.500000000000000000e+00 4.000000000000000000e+00 1.000000014901161194e-01 1.000000000000000000e+00
6.899999976158142090e-01 7.350000000000000000e+02 2.940000000000000000e+02 2.205000000000000000e+02 3.500000000000000000e+00 2.000000000000000000e+00 4.000000059604644775e-01 5.000000000000000000e+00
8.199999928474426270e-01 6.125000000000000000e+02 3.185000000000000000e+02 1.470000000000000000e+02 7.000000000000000000e+00 2.000000000000000000e+00 4.000000059604644775e-01 3.000000000000000000e+00
7.099999785423278809e-01 7.105000000000000000e+02 2.695000000000000000e+02 2.205000000000000000e+02 3.500000000000000000e+00 4.000000000000000000e+00 4.000000059604644775e-01 3.000000000000000000e+00
6.200000047683715820e-01 8.085000000000000000e+02 3.675000000000000000e+02 2.205000000000000000e+02 3.500000000000000000e+00 2.000000000000000000e+00 1.000000014901161194e-01 1.000000000000000000e+00
8.199999928474426270e-01 6.125000000000000000e+02 3.185000000000000000e+02 1.470000000000000000e+02 7.000000000000000000e+00 2.000000000000000000e+00 2.500000000000000000e-01 2.000000000000000000e+00
8.600000143051147461e-01 5.880000000000000000e+02 2.940000000000000000e+02 1.470000000000000000e+02 7.000000000000000000e+00 3.000000000000000000e+00 1.000000014901161194e-01 1.000000000000000000e+00
8.600000143051147461e-01 5.880000000000000000e+02 2.940000000000000000e+02 1.470000000000000000e+02 7.000000000000000000e+00 4.000000000000000000e+00 1.000000014901161194e-01 1.000000000000000000e+00
6.899999976158142090e-01 7.350000000000000000e+02 2.940000000000000000e+02 2.205000000000000000e+02 3.500000000000000000e+00 2.000000000000000000e+00 0.000000000000000000e+00 0.000000000000000000e+00
9.800000190734863281e-01 5.145000000000000000e+02 2.940000000000000000e+02 1.102500000000000000e+02 7.000000000000000000e+00 4.000000000000000000e+00 1.000000014901161194e-01 2.000000000000000000e+00
7.900000214576721191e-01 6.370000000000000000e+02 3.430000000000000000e+02 1.470000000000000000e+02 7.000000000000000000e+00 2.000000000000000000e+00 4.000000059604644775e-01 5.000000000000000000e+00
8.199999928474426270e-01 6.125000000000000000e+02 3.185000000000000000e+02 1.470000000000000000e+02 7.000000000000000000e+00 5.000000000000000000e+00 4.000000059604644775e-01 2.000000000000000000e+00
8.199999928474426270e-01 6.125000000000000000e+02 3.185000000000000000e+02 1.470000000000000000e+02 7.000000000000000000e+00 5.000000000000000000e+00 2.500000000000000000e-01 4.000000000000000000e+00
7.599999904632568359e-01 6.615000000000000000e+02 4.165000000000000000e+02 1.225000000000000000e+02 7.000000000000000000e+00 2.000000000000000000e+00 0.000000000000000000e+00 0.000000000000000000e+00
6.399999856948852539e-01 7.840000000000000000e+02 3.430000000000000000e+02 2.205000000000000000e+02 3.500000000000000000e+00 4.000000000000000000e+00 4.000000059604644775e-01 3.000000000000000000e+00
7.900000214576721191e-01 6.370000000000000000e+02 3.430000000000000000e+02 1.470000000000000000e+02 7.000000000000000000e+00 3.000000000000000000e+00 4.000000059604644775e-01 5.000000000000000000e+00
6.399999856948852539e-01 7.840000000000000000e+02 3.430000000000000000e+02 2.205000000000000000e+02 3.500000000000000000e+00 4.000000000000000000e+00 4.000000059604644775e-01 1.000000000000000000e+00
8.600000143051147461e-01 5.880000000000000000e+02 2.940000000000000000e+02 1.470000000000000000e+02 7.000000000000000000e+00 5.000000000000000000e+00 1.000000014901161194e-01 2.000000000000000000e+00
9.800000190734863281e-01 5.145000000000000000e+02 2.940000000000000000e+02 1.102500000000000000e+02 7.000000000000000000e+00 2.000000000000000000e+00 1.000000014901161194e-01 5.000000000000000000e+00
7.900000214576721191e-01 6.370000000000000000e+02 3.430000000000000000e+02 1.470000000000000000e+02 7.000000000000000000e+00 3.000000000000000000e+00 1.000000014901161194e-01 3.000000000000000000e+00
6.600000262260437012e-01 7.595000000000000000e+02 3.185000000000000000e+02 2.205000000000000000e+02 3.500000000000000000e+00 2.000000000000000000e+00 4.000000059604644775e-01 5.000000000000000000e+00
8.199999928474426270e-01 6.125000000000000000e+02 3.185000000000000000e+02 1.470000000000000000e+02 7.000000000000000000e+00 5.000000000000000000e+00 1.000000014901161194e-01 1.000000000000000000e+00
7.599999904632568359e-01 6.615000000000000000e+02 4.165000000000000000e+02 1.225000000000000000e+02 7.000000000000000000e+00 5.000000000000000000e+00 1.000000014901161194e-01 2.000000000000000000e+00
7.599999904632568359e-01 6.615000000000000000e+02 4.165000000000000000e+02 1.225000000000000000e+02 7.000000000000000000e+00 2.000000000000000000e+00 2.500000000000000000e-01 2.000000000000000000e+00
7.400000095367431641e-01 6.860000000000000000e+02 2.450000000000000000e+02 2.205000000000000000e+02 3.500000000000000000e+00 5.000000000000000000e+00 2.500000000000000000e-01 1.000000000000000000e+00
8.999999761581420898e-01 5.635000000000000000e+02 3.185000000000000000e+02 1.225000000000000000e+02 7.000000000000000000e+00 5.000000000000000000e+00 1.000000014901161194e-01 1.000000000000000000e+00
7.099999785423278809e-01 7.105000000000000000e+02 2.695000000000000000e+02 2.205000000000000000e+02 3.500000000000000000e+00 2.000000000000000000e+00 1.000000014901161194e-01 2.000000000000000000e+00
8.600000143051147461e-01 5.880000000000000000e+02 2.940000000000000000e+02 1.470000000000000000e+02 7.000000000000000000e+00 2.000000000000000000e+00 1.000000014901161194e-01 2.000000000000000000e+00
8.199999928474426270e-01 6.125000000000000000e+02 3.185000000000000000e+02 1.470000000000000000e+02 7.000000000000000000e+00 4.000000000000000000e+00 4.000000059604644775e-01 5.000000000000000000e+00
8.199999928474426270e-01 6.125000000000000000e+02 3.185000000000000000e+02 1.470000000000000000e+02 7.000000000000000000e+00 2.000000000000000000e+00 1.000000014901161194e-01 1.000000000000000000e+00
7.400000095367431641e-01 6.860000000000000000e+02 2.450000000000000000e+02 2.205000000000000000e+02 3.500000000000000000e+00 4.000000000000000000e+00 4.000000059604644775e-01 3.000000000000000000e+00
7.599999904632568359e-01 6.615000000000000000e+02 4.165000000000000000e+02 1.225000000000000000e+02 7.000000000000000000e+00 4.000000000000000000e+00 4.000000059604644775e-01 2.000000000000000000e+00
9.800000190734863281e-01 5.145000000000000000e+02 2.940000000000000000e+02 1.102500000000000000e+02 7.000000000000000000e+00 2.000000000000000000e+00 1.000000014901161194e-01 3.000000000000000000e+00
6.899999976158142090e-01 7.350000000000000000e+02 2.940000000000000000e+02 2.205000000000000000e+02 3.500000000000000000e+00 2.000000000000000000e+00 2.500000000000000000e-01 3.000000000000000000e+00
8.600000143051147461e-01 5.880000000000000000e+02 2.940000000000000000e+02 1.470000000000000000e+02 7.000000000000000000e+00 3.000000000000000000e+00 1.000000014901161194e-01 2.000000000000000000e+00
6.399999856948852539e-01 7.840000000000000000e+02 3.430000000000000000e+02 2.205000000000000000e+02 3.500000000000000000e+00 5.000000000000000000e+00 0.000000000000000000e+00 0.000000000000000000e+00
9.800000190734863281e-01 5.145000000000000000e+02 2.940000000000000000e+02 1.102500000000000000e+02 7.000000000000000000e+00 3.000000000000000000e+00 4.000000059604644775e-01 4.000000000000000000e+00
7.400000095367431641e-01 6.860000000000000000e+02 2.450000000000000000e+02 2.205000000000000000e+02 3.500000000000000000e+00 4.000000000000000000e+00 1.000000014901161194e-01 3.000000000000000000e+00
6.200000047683715820e-01 8.085000000000000000e+02 3.675000000000000000e+02 2.205000000000000000e+02 3.500000000000000000e+00 4.000000000000000000e+00 1.000000014901161194e-01 1.000000000000000000e+00
7.099999785423278809e-01 7.105000000000000000e+02 2.695000000000000000e+02 2.205000000000000000e+02 3.500000000000000000e+00 3.000000000000000000e+00 1.000000014901161194e-01 1.000000000000000000e+00
9.800000190734863281e-01 5.145000000000000000e+02 2.940000000000000000e+02 1.102500000000000000e+02 7.000000000000000000e+00 2.000000000000000000e+00 1.000000014901161194e-01 4.000000000000000000e+00
6.899999976158142090e-01 7.350000000000000000e+02 2.940000000000000000e+02 2.205000000000000000e+02 3.500000000000000000e+00 5.000000000000000000e+00 4.000000059604644775e-01 4.000000000000000000e+00
6.899999976158142090e-01 7.350000000000000000e+02 2.940000000000000000e+02 2.205000000000000000e+02 3.500000000000000000e+00 4.000000000000000000e+00 1.000000014901161194e-01 2.000000000000000000e+00
6.200000047683715820e-01 8.085000000000000000e+02 3.675000000000000000e+02 2.205000000000000000e+02 3.500000000000000000e+00 4.000000000000000000e+00 0.000000000000000000e+00 0.000000000000000000e+00
6.200000047683715820e-01 8.085000000000000000e+02 3.675000000000000000e+02 2.205000000000000000e+02 3.500000000000000000e+00 5.000000000000000000e+00 0.000000000000000000e+00 0.000000000000000000e+00
7.400000095367431641e-01 6.860000000000000000e+02 2.450000000000000000e+02 2.205000000000000000e+02 3.500000000000000000e+00 4.000000000000000000e+00 4.000000059604644775e-01 5.000000000000000000e+00
7.900000214576721191e-01 6.370000000000000000e+02 3.430000000000000000e+02 1.470000000000000000e+02 7.000000000000000000e+00 5.000000000000000000e+00 4.000000059604644775e-01 2.000000000000000000e+00
7.099999785423278809e-01 7.105000000000000000e+02 2.695000000000000000e+02 2.205000000000000000e+02 3.500000000000000000e+00 3.000000000000000000e+00 1.000000014901161194e-01 3.000000000000000000e+00
8.600000143051147461e-01 5.880000000000000000e+02 2.940000000000000000e+02 1.470000000000000000e+02 7.000000000000000000e+00 4.000000000000000000e+00 4.000000059604644775e-01 3.000000000000000000e+00
8.600000143051147461e-01 5.880000000000000000e+02 2.940000000000000000e+02 1.470000000000000000e+02 7.000000000000000000e+00 4.000000000000000000e+00 4.000000059604644775e-01 4.000000000000000000e+00
6.200000047683715820e-01 8.085000000000000000e+02 3.675000000000000000e+02 2.205000000000000000e+02 3.500000000000000000e+00 4.000000000000000000e+00 1.000000014901161194e-01 4.000000000000000000e+00
8.999999761581420898e-01 5.635000000000000000e+02 3.185000000000000000e+02 1.225000000000000000e+02 7.000000000000000000e+00 2.000000000000000000e+00 1.000000014901161194e-01 2.000000000000000000e+00
8.999999761581420898e-01 5.635000000000000000e+02 3.185000000000000000e+02 1.225000000000000000e+02 7.000000000000000000e+00 3.000000000000000000e+00 4.000000059604644775e-01 5.000000000000000000e+00
8.999999761581420898e-01 5.635000000000000000e+02 3.185000000000000000e+02 1.225000000000000000e+02 7.000000000000000000e+00 2.000000000000000000e+00 2.500000000000000000e-01 4.000000000000000000e+00
7.599999904632568359e-01 6.615000000000000000e+02 4.165000000000000000e+02 1.225000000000000000e+02 7.000000000000000000e+00 4.000000000000000000e+00 4.000000059604644775e-01 5.000000000000000000e+00
7.599999904632568359e-01 6.615000000000000000e+02 4.165000000000000000e+02 1.225000000000000000e+02 7.000000000000000000e+00 3.000000000000000000e+00 0.000000000000000000e+00 0.000000000000000000e+00
7.599999904632568359e-01 6.615000000000000000e+02 4.165000000000000000e+02 1.225000000000000000e+02 7.000000000000000000e+00 2.000000000000000000e+00 4.000000059604644775e-01 1.000000000000000000e+00
7.099999785423278809e-01 7.105000000000000000e+02 2.695000000000000000e+02 2.205000000000000000e+02 3.500000000000000000e+00 5.000000000000000000e+00 1.000000014901161194e-01 1.000000000000000000e+00
7.400000095367431641e-01 6.860000000000000000e+02 2.450000000000000000e+02 2.205000000000000000e+02 3.500000000000000000e+00 2.000000000000000000e+00 1.000000014901161194e-01 2.000000000000000000e+00
6.200000047683715820e-01 8.085000000000000000e+02 3.675000000000000000e+02 2.205000000000000000e+02 3.500000000000000000e+00 4.000000000000000000e+00 1.000000014901161194e-01 3.000000000000000000e+00
7.099999785423278809e-01 7.105000000000000000e+02 2.695000000000000000e+02 2.205000000000000000e+02 3.500000000000000000e+00 3.000000000000000000e+00 4.000000059604644775e-01 3.000000000000000000e+00
9.800000190734863281e-01 5.145000000000000000e+02 2.940000000000000000e+02 1.102500000000000000e+02 7.000000000000000000e+00 5.000000000000000000e+00 1.000000014901161194e-01 1.000000000000000000e+00
8.600000143051147461e-01 5.880000000000000000e+02 2.940000000000000000e+02 1.470000000000000000e+02 7.000000000000000000e+00 2.000000000000000000e+00 1.000000014901161194e-01 3.000000000000000000e+00
9.800000190734863281e-01 5.145000000000000000e+02 2.940000000000000000e+02 1.102500000000000000e+02 7.000000000000000000e+00 3.000000000000000000e+00 1.000000014901161194e-01 4.000000000000000000e+00
8.600000143051147461e-01 5.880000000000000000e+02 2.940000000000000000e+02 1.470000000000000000e+02 7.000000000000000000e+00 2.000000000000000000e+00 1.000000014901161194e-01 4.000000000000000000e+00
6.200000047683715820e-01 8.085000000000000000e+02 3.675000000000000000e+02 2.205000000000000000e+02 3.500000000000000000e+00 5.000000000000000000e+00 2.500000000000000000e-01 2.000000000000000000e+00
7.599999904632568359e-01 6.615000000000000000e+02 4.165000000000000000e+02 1.225000000000000000e+02 7.000000000000000000e+00 2.000000000000000000e+00 1.000000014901161194e-01 3.000000000000000000e+00
6.200000047683715820e-01 8.085000000000000000e+02 3.675000000000000000e+02 2.205000000000000000e+02 3.500000000000000000e+00 2.000000000000000000e+00 4.000000059604644775e-01 2.000000000000000000e+00
8.199999928474426270e-01 6.125000000000000000e+02 3.185000000000000000e+02 1.470000000000000000e+02 7.000000000000000000e+00 5.000000000000000000e+00 4.000000059604644775e-01 5.000000000000000000e+00
8.600000143051147461e-01 5.880000000000000000e+02 2.940000000000000000e+02 1.470000000000000000e+02 7.000000000000000000e+00 4.000000000000000000e+00 0.000000000000000000e+00 0.000000000000000000e+00
8.199999928474426270e-01 6.125000000000000000e+02 3.185000000000000000e+02 1.470000000000000000e+02 7.000000000000000000e+00 5.000000000000000000e+00 4.000000059604644775e-01 3.000000000000000000e+00
6.399999856948852539e-01 7.840000000000000000e+02 3.430000000000000000e+02 2.205000000000000000e+02 3.500000000000000000e+00 3.000000000000000000e+00 2.500000000000000000e-01 1.000000000000000000e+00
7.099999785423278809e-01 7.105000000000000000e+02 2.695000000000000000e+02 2.205000000000000000e+02 3.500000000000000000e+00 4.000000000000000000e+00 4.000000059604644775e-01 5.000000000000000000e+00
8.600000143051147461e-01 5.880000000000000000e+02 2.940000000000000000e+02 1.470000000000000000e+02 7.000000000000000000e+00 2.000000000000000000e+00 2.500000000000000000e-01 4.000000000000000000e+00
6.200000047683715820e-01 8.085000000000000000e+02 3.675000000000000000e+02 2.205000000000000000e+02 3.500000000000000000e+00 4.000000000000000000e+00 4.000000059604644775e-01 4.000000000000000000e+00
6.600000262260437012e-01 7.595000000000000000e+02 3.185000000000000000e+02 2.205000000000000000e+02 3.500000000000000000e+00 4.000000000000000000e+00 0.000000000000000000e+00 0.000000000000000000e+00
7.599999904632568359e-01 6.615000000000000000e+02 4.165000000000000000e+02 1.225000000000000000e+02 7.000000000000000000e+00 5.000000000000000000e+00 4.000000059604644775e-01 4.000000000000000000e+00
7.599999904632568359e-01 6.615000000000000000e+02 4.165000000000000000e+02 1.225000000000000000e+02 7.000000000000000000e+00 3.000000000000000000e+00 1.000000014901161194e-01 2.000000000000000000e+00
6.600000262260437012e-01 7.595000000000000000e+02 3.185000000000000000e+02 2.205000000000000000e+02 3.500000000000000000e+00 3.000000000000000000e+00 2.500000000000000000e-01 5.000000000000000000e+00
6.899999976158142090e-01 7.350000000000000000e+02 2.940000000000000000e+02 2.205000000000000000e+02 3.500000000000000000e+00 2.000000000000000000e+00 4.000000059604644775e-01 2.000000000000000000e+00
6.600000262260437012e-01 7.595000000000000000e+02 3.185000000000000000e+02 2.205000000000000000e+02 3.500000000000000000e+00 3.000000000000000000e+00 1.000000014901161194e-01 1.000000000000000000e+00
9.800000190734863281e-01 5.145000000000000000e+02 2.940000000000000000e+02 1.102500000000000000e+02 7.000000000000000000e+00 3.000000000000000000e+00 1.000000014901161194e-01 3.000000000000000000e+00
6.399999856948852539e-01 7.840000000000000000e+02 3.430000000000000000e+02 2.205000000000000000e+02 3.500000000000000000e+00 4.000000000000000000e+00 1.000000014901161194e-01 3.000000000000000000e+00
6.399999856948852539e-01 7.840000000000000000e+02 3.430000000000000000e+02 2.205000000000000000e+02 3.500000000000000000e+00 5.000000000000000000e+00 1.000000014901161194e-01 5.000000000000000000e+00
8.199999928474426270e-01 6.125000000000000000e+02 3.185000000000000000e+02 1.470000000000000000e+02 7.000000000000000000e+00 2.000000000000000000e+00 1.000000014901161194e-01 4.000000000000000000e+00
8.600000143051147461e-01 5.880000000000000000e+02 2.940000000000000000e+02 1.470000000000000000e+02 7.000000000000000000e+00 4.000000000000000000e+00 1.000000014901161194e-01 2.000000000000000000e+00
6.600000262260437012e-01 7.595000000000000000e+02 3.185000000000000000e+02 2.205000000000000000e+02 3.500000000000000000e+00 2.000000000000000000e+00 1.000000014901161194e-01 4.000000000000000000e+00
7.099999785423278809e-01 7.105000000000000000e+02 2.695000000000000000e+02 2.205000000000000000e+02 3.500000000000000000e+00 3.000000000000000000e+00 4.000000059604644775e-01 5.000000000000000000e+00
7.900000214576721191e-01 6.370000000000000000e+02 3.430000000000000000e+02 1.470000000000000000e+02 7.000000000000000000e+00 2.000000000000000000e+00 2.500000000000000000e-01 4.000000000000000000e+00
7.900000214576721191e-01 6.370000000000000000e+02 3.430000000000000000e+02 1.470000000000000000e+02 7.000000000000000000e+00 2.000000000000000000e+00 1.000000014901161194e-01 1.000000000000000000e+00
7.400000095367431641e-01 6.860000000000000000e+02 2.450000000000000000e+02 2.205000000000000000e+02 3.500000000000000000e+00 5.000000000000000000e+00 1.000000014901161194e-01 3.000000000000000000e+00
6.200000047683715820e-01 8.085000000000000000e+02 3.675000000000000000e+02 2.205000000000000000e+02 3.500000000000000000e+00 5.000000000000000000e+00 1.000000014901161194e-01 4.000000000000000000e+00
6.200000047683715820e-01 8.085000000000000000e+02 3.675000000000000000e+02 2.205000000000000000e+02 3.500000000000000000e+00 5.000000000000000000e+00 1.000000014901161194e-01 2.000000000000000000e+00
7.900000214576721191e-01 6.370000000000000000e+02 3.430000000000000000e+02 1.470000000000000000e+02 7.000000000000000000e+00 2.000000000000000000e+00 4.000000059604644775e-01 2.000000000000000000e+00
